0,0,20
28.348421486656495,21.0479610436987,27.44640481679518,23.605008362562856,23.59310837808072,26.092383806181516,23.937795510882513,24.090726098608986,25.099024095896063,27.101479933270735,29.605262252056676,24.566211089389373,24.27651521061609,21.134637011199704,22.178988693465243,29.57472069067917,29.43350720404395,28.81824281156498,26.464105624033934,22.138248121306084,26.36832013806839,21.391462519849036,24.587040703053624,28.738631851563184,22.584503058670737,26.648510977625314,28.626743360369595,21.48848063044219,25.629499581589734,21.59155263813148,21.72894926582299,21.040229609902312,22.02937593000167,24.55189296722888,27.94574916228217,29.908226809807815,28.050172005804523,23.774154057164225,25.157374256218397,20.588989213720772,27.110956862030285,20.72507813397636,28.8261158192988,27.260578185665587,28.333662124417557,27.102306838296172,26.974299182041918,29.301028034081725,28.81672748857283,20.94971983296458
2.868251581566169,3.095873004535887,0.6847007188014974,0.9659421056937207,6.184438976162934,1.7062627678183457,5.636971552346696,1.0319167116867767,0.8316316927844797,1.9939902368353142,1.9315929047087028,2.6518509482341868,2.0797116594088467,3.569322836509343,0.5986911855205874,5.013840408277107,1.6880177596671135,5.726588789618146,5.665824523874165,0.09963749817124817,5.363843744955804,4.24495878384351,0.23675225913185574,1.9411764838760817,3.545284117794426,3.7326998327018637,4.27767680078101,3.973686350646428,5.898041690103618,4.631458994744332,4.680065196810672,0.6841483724924007,3.1016018919041466,5.445957374831373,0.11470022437450392,1.1492179707856034,0.7079885543999533,5.361427315010433,0.30444639582603406,3.1380042960519496,3.1610068730405874,4.804922298984565,2.1832744251521596,5.852277747783258,1.8799662141141542,3.4628486748184524,0.36163036145405186,3.7404229541070437,4.040365561432919,4.657059455292096
4.16927974308677,9.701481409763312,4.3692797430867705,9.701481409763312,4.569279743086771,9.701481409763312,4.769279743086771,9.701481409763312,4.969279743086771,9.701481409763312,5.16927974308677,9.701481409763312,5.3692797430867705,9.701481409763312,5.569279743086771,9.701481409763312,5.769279743086771,9.701481409763312,5.969279743086771,9.701481409763312
-11.339368594662599,0.0,-11.339368594662599,0.0,-11.339368594662599,0.0,-11.339368594662599,0.0,-11.339368594662599,0.0,-11.339368594662599,0.0,-11.339368594662599,0.0,-11.339368594662599,0.0,-11.339368594662599,0.0,-11.339368594662599,0.0
0.0,0.0,0.0,0.0,0.0,0.0,0.0,0.0,0.0,0.0,0.0,0.0,0.0,0.0,0.0,0.0,0.0,0.0,0.0,0.0
-4.299594386417263,-16.704821194116086,-4.099594386417263,-16.704821194116086,-3.8995943864172635,-16.704821194116086,-3.6995943864172633,-16.704821194116086,-3.4995943864172636,-16.704821194116086,-3.2995943864172634,-16.704821194116086,-3.0995943864172633,-16.704821194116086,-2.8995943864172635,-16.704821194116086,-2.699594386417264,-16.704821194116086,-2.4995943864172636,-16.704821194116086
-8.41918441747948,0.0,-8.41918441747948,0.0,-8.41918441747948,0.0,-8.41918441747948,0.0,-8.41918441747948,0.0,-8.41918441747948,0.0,-8.41918441747948,0.0,-8.41918441747948,0.0,-8.41918441747948,0.0,-8.41918441747948,0.0
0.0,0.0,0.0,0.0,0.0,0.0,0.0,0.0,0.0,0.0,0.0,0.0,0.0,0.0,0.0,0.0,0.0,0.0,0.0,0.0
1.3404188439268725,-8.980694182520844,1.5404188439268724,-8.980694182520844,1.7404188439268724,-8.980694182520844,1.9404188439268726,-8.980694182520844,2.1404188439268723,-8.980694182520844,2.3404188439268725,-8.980694182520844,2.5404188439268722,-8.980694182520844,2.7404188439268724,-8.980694182520844,2.9404188439268726,-8.980694182520844,3.1404188439268723,-8.980694182520844
10.978561926718072,0.0,10.978561926718072,0.0,10.978561926718072,0.0,10.978561926718072,0.0,10.978561926718072,0.0,10.978561926718072,0.0,10.978561926718072,0.0,10.978561926718072,0.0,10.978561926718072,0.0,10.978561926718072,0.0
0.0,0.0,0.0,0.0,0.0,0.0,0.0,0.0,0.0,0.0,0.0,0.0,0.0,0.0,0.0,0.0,0.0,0.0,0.0,0.0
-5.9547963974543245,12.28230926724546,-5.754796397454324,12.28230926724546,-5.554796397454324,12.28230926724546,-5.354796397454324,12.28230926724546,-5.154796397454325,12.28230926724546,-4.954796397454324,12.28230926724546,-4.754796397454324,12.28230926724546,-4.554796397454324,12.28230926724546,-4.354796397454324,12.28230926724546,-4.154796397454324,12.28230926724546
-9.442003345025142,0.0,-9.442003345025142,0.0,-9.442003345025142,0.0,-9.442003345025142,0.0,-9.442003345025142,0.0,-9.442003345025142,0.0,-9.442003345025142,0.0,-9.442003345025142,0.0,-9.442003345025142,0.0,-9.442003345025142,0.0
0.0,0.0,0.0,0.0,0.0,0.0,0.0,0.0,0.0,0.0,0.0,0.0,0.0,0.0,0.0,0.0,0.0,0.0,0.0,0.0
-7.429783053600837,-3.5660662199776425,-7.229783053600837,-3.5660662199776425,-7.029783053600837,-3.5660662199776425,-6.829783053600837,-3.5660662199776425,-6.629783053600837,-3.5660662199776425,-6.429783053600836,-3.5660662199776425,-6.229783053600837,-3.5660662199776425,-6.029783053600837,-3.5660662199776425,-5.829783053600837,-3.5660662199776425,-5.629783053600836,-3.5660662199776425
-9.437243351232288,0.0,-9.437243351232288,0.0,-9.437243351232288,0.0,-9.437243351232288,0.0,-9.437243351232288,0.0,-9.437243351232288,0.0,-9.437243351232288,0.0,-9.437243351232288,0.0,-9.437243351232288,0.0,-9.437243351232288,0.0
0.0,0.0,0.0,0.0,0.0,0.0,0.0,0.0,0.0,0.0,0.0,0.0,0.0,0.0,0.0,0.0,0.0,0.0,0.0,0.0
-12.278686760063145,2.9459917285795685,-12.078686760063146,2.9459917285795685,-11.878686760063145,2.9459917285795685,-11.678686760063146,2.9459917285795685,-11.478686760063145,2.9459917285795685,-11.278686760063145,2.9459917285795685,-11.078686760063144,2.9459917285795685,-10.878686760063145,2.9459917285795685,-10.678686760063144,2.9459917285795685,-10.478686760063145,2.9459917285795685
-10.436953522472606,0.0,-10.436953522472606,0.0,-10.436953522472606,0.0,-10.436953522472606,0.0,-10.436953522472606,0.0,-10.436953522472606,0.0,-10.436953522472606,0.0,-10.436953522472606,0.0,-10.436953522472606,0.0,-10.436953522472606,0.0
0.0,0.0,0.0,0.0,0.0,0.0,0.0,0.0,0.0,0.0,0.0,0.0,0.0,0.0,0.0,0.0,0.0,0.0,0.0,0.0
6.863912663530295,8.154024597046735,7.063912663530295,8.154024597046735,7.263912663530295,8.154024597046735,7.463912663530295,8.154024597046735,7.663912663530295,8.154024597046735,7.863912663530295,8.154024597046735,8.063912663530296,8.154024597046735,8.263912663530295,8.154024597046735,8.463912663530294,8.154024597046735,8.663912663530295,8.154024597046735
9.575118204353005,0.0,9.575118204353005,0.0,9.575118204353005,0.0,9.575118204353005,0.0,9.575118204353005,0.0,9.575118204353005,0.0,9.575118204353005,0.0,9.575118204353005,0.0,9.575118204353005,0.0,9.575118204353005,0.0
0.0,0.0,0.0,0.0,0.0,0.0,0.0,0.0,0.0,0.0,0.0,0.0,0.0,0.0,0.0,0.0,0.0,0.0,0.0,0.0
-9.710654174128369,-2.989439472189022,-9.51065417412837,-2.989439472189022,-9.310654174128368,-2.989439472189022,-9.110654174128369,-2.989439472189022,-8.910654174128368,-2.989439472189022,-8.710654174128369,-2.989439472189022,-8.510654174128367,-2.989439472189022,-8.310654174128368,-2.989439472189022,-8.110654174128367,-2.989439472189022,-7.910654174128368,-2.989439472189022
-9.636290439443595,0.0,-9.636290439443595,0.0,-9.636290439443595,0.0,-9.636290439443595,0.0,-9.636290439443595,0.0,-9.636290439443595,0.0,-9.636290439443595,0.0,-9.636290439443595,0.0,-9.636290439443595,0.0,-9.636290439443595,0.0
0.0,0.0,0.0,0.0,0.0,0.0,0.0,0.0,0.0,0.0,0.0,0.0,0.0,0.0,0.0,0.0,0.0,0.0,0.0,0.0
-18.704425283593615,-5.713523714672823,-18.504425283593616,-5.713523714672823,-18.304425283593616,-5.713523714672823,-18.104425283593617,-5.713523714672823,-17.904425283593618,-5.713523714672823,-17.704425283593615,-5.713523714672823,-17.504425283593616,-5.713523714672823,-17.304425283593616,-5.713523714672823,-17.104425283593617,-5.713523714672823,-16.904425283593618,-5.713523714672823
-10.039609638358426,0.0,-10.039609638358426,0.0,-10.039609638358426,0.0,-10.039609638358426,0.0,-10.039609638358426,0.0,-10.039609638358426,0.0,-10.039609638358426,0.0,-10.039609638358426,0.0,-10.039609638358426,0.0,-10.039609638358426,0.0
0.0,0.0,0.0,0.0,0.0,0.0,0.0,0.0,0.0,0.0,0.0,0.0,0.0,0.0,0.0,0.0,0.0,0.0,0.0,0.0
3.892278802628811,8.863126979490405,4.092278802628811,8.863126979490405,4.292278802628811,8.863126979490405,4.492278802628811,8.863126979490405,4.692278802628811,8.863126979490405,4.8922788026288115,8.863126979490405,5.092278802628812,8.863126979490405,5.292278802628811,8.863126979490405,5.492278802628811,8.863126979490405,5.692278802628811,8.863126979490405
-10.840591973308294,0.0,-10.840591973308294,0.0,-10.840591973308294,0.0,-10.840591973308294,0.0,-10.840591973308294,0.0,-10.840591973308294,0.0,-10.840591973308294,0.0,-10.840591973308294,0.0,-10.840591973308294,0.0,-10.840591973308294,0.0
0.0,0.0,0.0,0.0,0.0,0.0,0.0,0.0,0.0,0.0,0.0,0.0,0.0,0.0,0.0,0.0,0.0,0.0,0.0,0.0
-3.6885065812378834,-9.900431858998898,-3.4885065812378833,-9.900431858998898,-3.2885065812378835,-9.900431858998898,-3.0885065812378834,-9.900431858998898,-2.8885065812378836,-9.900431858998898,-2.6885065812378834,-9.900431858998898,-2.4885065812378837,-9.900431858998898,-2.2885065812378835,-9.900431858998898,-2.0885065812378834,-9.900431858998898,-1.8885065812378836,-9.900431858998898
-11.84210490082267,0.0,-11.84210490082267,0.0,-11.84210490082267,0.0,-11.84210490082267,0.0,-11.84210490082267,0.0,-11.84210490082267,0.0,-11.84210490082267,0.0,-11.84210490082267,0.0,-11.84210490082267,0.0,-11.84210490082267,0.0
0.0,0.0,0.0,0.0,0.0,0.0,0.0,0.0,0.0,0.0,0.0,0.0,0.0,0.0,0.0,0.0,0.0,0.0,0.0,0.0
-12.9215487772029,8.107019346859955,-12.721548777202901,8.107019346859955,-12.5215487772029,8.107019346859955,-12.321548777202901,8.107019346859955,-12.1215487772029,8.107019346859955,-11.9215487772029,8.107019346859955,-11.7215487772029,8.107019346859955,-11.5215487772029,8.107019346859955,-11.3215487772029,8.107019346859955,-11.1215487772029,8.107019346859955
-9.82648443575575,0.0,-9.82648443575575,0.0,-9.82648443575575,0.0,-9.82648443575575,0.0,-9.82648443575575,0.0,-9.82648443575575,0.0,-9.82648443575575,0.0,-9.82648443575575,0.0,-9.82648443575575,0.0,-9.82648443575575,0.0
0.0,0.0,0.0,0.0,0.0,0.0,0.0,0.0,0.0,0.0,0.0,0.0,0.0,0.0,0.0,0.0,0.0,0.0,0.0,0.0
-1.801286591742778,-3.765058088589195,-1.601286591742778,-3.765058088589195,-1.4012865917427781,-3.765058088589195,-1.201286591742778,-3.765058088589195,-1.001286591742778,-3.765058088589195,-0.801286591742778,-3.765058088589195,-0.6012865917427779,-3.765058088589195,-0.4012865917427779,-3.765058088589195,-0.20128659174277796,-3.765058088589195,-0.0012865917427780094,-3.765058088589195
-9.710606084246436,0.0,-9.710606084246436,0.0,-9.710606084246436,0.0,-9.710606084246436,0.0,-9.710606084246436,0.0,-9.710606084246436,0.0,-9.710606084246436,0.0,-9.710606084246436,0.0,-9.710606084246436,0.0,-9.710606084246436,0.0
0.0,0.0,0.0,0.0,0.0,0.0,0.0,0.0,0.0,0.0,0.0,0.0,0.0,0.0,0.0,0.0,0.0,0.0,0.0,0.0
14.03847536793363,-1.6300184090051155,14.23847536793363,-1.6300184090051155,14.43847536793363,-1.6300184090051155,14.63847536793363,-1.6300184090051155,14.838475367933631,-1.6300184090051155,15.03847536793363,-1.6300184090051155,15.238475367933631,-1.6300184090051155,15.43847536793363,-1.6300184090051155,15.63847536793363,-1.6300184090051155,15.838475367933631,-1.6300184090051155
8.453854804479882,0.0,8.453854804479882,0.0,8.453854804479882,0.0,8.453854804479882,0.0,8.453854804479882,0.0,8.453854804479882,0.0,8.453854804479882,0.0,8.453854804479882,0.0,8.453854804479882,0.0,8.453854804479882,0.0
0.0,0.0,0.0,0.0,0.0,0.0,0.0,0.0,0.0,0.0,0.0,0.0,0.0,0.0,0.0,0.0,0.0,0.0,0.0,0.0
9.770645775897874,0.3946137223074198,9.970645775897873,0.3946137223074198,10.170645775897874,0.3946137223074198,10.370645775897874,0.3946137223074198,10.570645775897875,0.3946137223074198,10.770645775897874,0.3946137223074198,10.970645775897875,0.3946137223074198,11.170645775897874,0.3946137223074198,11.370645775897874,0.3946137223074198,11.570645775897875,0.3946137223074198
8.871595477386098,0.0,8.871595477386098,0.0,8.871595477386098,0.0,8.871595477386098,0.0,8.871595477386098,0.0,8.871595477386098,0.0,8.871595477386098,0.0,8.871595477386098,0.0,8.871595477386098,0.0,8.871595477386098,0.0
0.0,0.0,0.0,0.0,0.0,0.0,0.0,0.0,0.0,0.0,0.0,0.0,0.0,0.0,0.0,0.0,0.0,0.0,0.0,0.0
-0.5353994335916854,-4.643131216723796,-0.3353994335916854,-4.643131216723796,-0.13539943359168538,-4.643131216723796,0.06460056640831469,-4.643131216723796,0.26460056640831464,-4.643131216723796,0.4646005664083146,-4.643131216723796,0.6646005664083148,-4.643131216723796,0.8646005664083147,-4.643131216723796,1.0646005664083147,-4.643131216723796,1.2646005664083146,-4.643131216723796
11.829888276271669,0.0,11.829888276271669,0.0,11.829888276271669,0.0,11.829888276271669,0.0,11.829888276271669,0.0,11.829888276271669,0.0,11.829888276271669,0.0,11.829888276271669,0.0,11.829888276271669,0.0,11.829888276271669,0.0
0.0,0.0,0.0,0.0,0.0,0.0,0.0,0.0,0.0,0.0,0.0,0.0,0.0,0.0,0.0,0.0,0.0,0.0,0.0,0.0
-0.8900459953288661,-0.5451122829542894,-0.690045995328866,-0.5451122829542894,-0.49004599532886606,-0.5451122829542894,-0.290045995328866,-0.5451122829542894,-0.09004599532886604,-0.5451122829542894,0.10995400467113392,-0.5451122829542894,0.3099540046711341,-0.5451122829542894,0.509954004671134,-0.5451122829542894,0.709954004671134,-0.5451122829542894,0.909954004671134,-0.5451122829542894
-11.77340288161758,0.0,-11.77340288161758,0.0,-11.77340288161758,0.0,-11.77340288161758,0.0,-11.77340288161758,0.0,-11.77340288161758,0.0,-11.77340288161758,0.0,-11.77340288161758,0.0,-11.77340288161758,0.0,-11.77340288161758,0.0
0.0,0.0,0.0,0.0,0.0,0.0,0.0,0.0,0.0,0.0,0.0,0.0,0.0,0.0,0.0,0.0,0.0,0.0,0.0,0.0
12.008352175063331,6.988747858653716,12.20835217506333,6.988747858653716,12.408352175063332,6.988747858653716,12.608352175063331,6.988747858653716,12.808352175063332,6.988747858653716,13.008352175063331,6.988747858653716,13.208352175063332,6.988747858653716,13.408352175063332,6.988747858653716,13.608352175063331,6.988747858653716,13.808352175063332,6.988747858653716
11.527297124625992,0.0,11.527297124625992,0.0,11.527297124625992,0.0,11.527297124625992,0.0,11.527297124625992,0.0,11.527297124625992,0.0,11.527297124625992,0.0,11.527297124625992,0.0,11.527297124625992,0.0,11.527297124625992,0.0
0.0,0.0,0.0,0.0,0.0,0.0,0.0,0.0,0.0,0.0,0.0,0.0,0.0,0.0,0.0,0.0,0.0,0.0,0.0,0.0
8.765042857996276,-1.1142080596068347,8.965042857996275,-1.1142080596068347,9.165042857996276,-1.1142080596068347,9.365042857996276,-1.1142080596068347,9.565042857996277,-1.1142080596068347,9.765042857996276,-1.1142080596068347,9.965042857996277,-1.1142080596068347,10.165042857996276,-1.1142080596068347,10.365042857996276,-1.1142080596068347,10.565042857996277,-1.1142080596068347
10.585642249613574,0.0,10.585642249613574,0.0,10.585642249613574,0.0,10.585642249613574,0.0,10.585642249613574,0.0,10.585642249613574,0.0,10.585642249613574,0.0,10.585642249613574,0.0,10.585642249613574,0.0,10.585642249613574,0.0
0.0,0.0,0.0,0.0,0.0,0.0,0.0,0.0,0.0,0.0,0.0,0.0,0.0,0.0,0.0,0.0,0.0,0.0,0.0,0.0
-2.4055950832543362,5.572963773927948,-2.205595083254336,5.572963773927948,-2.0055950832543363,5.572963773927948,-1.8055950832543362,5.572963773927948,-1.6055950832543364,5.572963773927948,-1.4055950832543362,5.572963773927948,-1.2055950832543363,5.572963773927948,-1.0055950832543363,5.572963773927948,-0.8055950832543364,5.572963773927948,-0.6055950832543363,5.572963773927948
-8.855299248522433,0.0,-8.855299248522433,0.0,-8.855299248522433,0.0,-8.855299248522433,0.0,-8.855299248522433,0.0,-8.855299248522433,0.0,-8.855299248522433,0.0,-8.855299248522433,0.0,-8.855299248522433,0.0,-8.855299248522433,0.0
0.0,0.0,0.0,0.0,0.0,0.0,0.0,0.0,0.0,0.0,0.0,0.0,0.0,0.0,0.0,0.0,0.0,0.0,0.0,0.0
-0.6400293268663084,0.9767206069693553,-0.4400293268663084,0.9767206069693553,-0.2400293268663084,0.9767206069693553,-0.040029326866308335,0.9767206069693553,0.15997067313369162,0.9767206069693553,0.3599706731336916,0.9767206069693553,0.5599706731336918,0.9767206069693553,0.7599706731336917,0.9767206069693553,0.9599706731336917,0.9767206069693553,1.1599706731336916,0.9767206069693553
-10.547328055227357,0.0,-10.547328055227357,0.0,-10.547328055227357,0.0,-10.547328055227357,0.0,-10.547328055227357,0.0,-10.547328055227357,0.0,-10.547328055227357,0.0,-10.547328055227357,0.0,-10.547328055227357,0.0,-10.547328055227357,0.0
0.0,0.0,0.0,0.0,0.0,0.0,0.0,0.0,0.0,0.0,0.0,0.0,0.0,0.0,0.0,0.0,0.0,0.0,0.0,0.0
-8.664215770321409,-0.5349445402944208,-8.46421577032141,-0.5349445402944208,-8.264215770321409,-0.5349445402944208,-8.06421577032141,-0.5349445402944208,-7.864215770321409,-0.5349445402944208,-7.664215770321409,-0.5349445402944208,-7.464215770321409,-0.5349445402944208,-7.2642157703214085,-0.5349445402944208,-7.064215770321409,-0.5349445402944208,-6.864215770321409,-0.5349445402944208
-8.556585007939615,0.0,-8.556585007939615,0.0,-8.556585007939615,0.0,-8.556585007939615,0.0,-8.556585007939615,0.0,-8.556585007939615,0.0,-8.556585007939615,0.0,-8.556585007939615,0.0,-8.556585007939615,0.0,-8.556585007939615,0.0
0.0,0.0,0.0,0.0,0.0,0.0,0.0,0.0,0.0,0.0,0.0,0.0,0.0,0.0,0.0,0.0,0.0,0.0,0.0,0.0
-11.78709996495044,-5.515749839972432,-11.587099964950442,-5.515749839972432,-11.38709996495044,-5.515749839972432,-11.187099964950441,-5.515749839972432,-10.98709996495044,-5.515749839972432,-10.78709996495044,-5.515749839972432,-10.58709996495044,-5.515749839972432,-10.38709996495044,-5.515749839972432,-10.187099964950441,-5.515749839972432,-9.98709996495044,-5.515749839972432
9.83481628122145,0.0,9.83481628122145,0.0,9.83481628122145,0.0,9.83481628122145,0.0,9.83481628122145,0.0,9.83481628122145,0.0,9.83481628122145,0.0,9.83481628122145,0.0,9.83481628122145,0.0,9.83481628122145,0.0
0.0,0.0,0.0,0.0,0.0,0.0,0.0,0.0,0.0,0.0,0.0,0.0,0.0,0.0,0.0,0.0,0.0,0.0,0.0,0.0
4.898220152572963,7.261206729979892,5.098220152572964,7.261206729979892,5.298220152572964,7.261206729979892,5.498220152572964,7.261206729979892,5.698220152572963,7.261206729979892,5.898220152572964,7.261206729979892,6.098220152572964,7.261206729979892,6.298220152572964,7.261206729979892,6.498220152572964,7.261206729979892,6.698220152572964,7.261206729979892
-11.495452740625275,0.0,-11.495452740625275,0.0,-11.495452740625275,0.0,-11.495452740625275,0.0,-11.495452740625275,0.0,-11.495452740625275,0.0,-11.495452740625275,0.0,-11.495452740625275,0.0,-11.495452740625275,0.0,-11.495452740625275,0.0
0.0,0.0,0.0,0.0,0.0,0.0,0.0,0.0,0.0,0.0,0.0,0.0,0.0,0.0,0.0,0.0,0.0,0.0,0.0,0.0
2.7823115349408267,3.918020737552006,2.982311534940827,3.918020737552006,3.1823115349408266,3.918020737552006,3.382311534940827,3.918020737552006,3.5823115349408265,3.918020737552006,3.7823115349408267,3.918020737552006,3.982311534940827,3.918020737552006,4.182311534940826,3.918020737552006,4.382311534940826,3.918020737552006,4.5823115349408265,3.918020737552006
-9.033801223468295,0.0,-9.033801223468295,0.0,-9.033801223468295,0.0,-9.033801223468295,0.0,-9.033801223468295,0.0,-9.033801223468295,0.0,-9.033801223468295,0.0,-9.033801223468295,0.0,-9.033801223468295,0.0,-9.033801223468295,0.0
0.0,0.0,0.0,0.0,0.0,0.0,0.0,0.0,0.0,0.0,0.0,0.0,0.0,0.0,0.0,0.0,0.0,0.0,0.0,0.0
6.350908017966132,14.529569250050178,6.550908017966132,14.529569250050178,6.7509080179661325,14.529569250050178,6.950908017966133,14.529569250050178,7.150908017966133,14.529569250050178,7.350908017966132,14.529569250050178,7.550908017966132,14.529569250050178,7.7509080179661325,14.529569250050178,7.950908017966133,14.529569250050178,8.150908017966133,14.529569250050178
-10.659404391050126,0.0,-10.659404391050126,0.0,-10.659404391050126,0.0,-10.659404391050126,0.0,-10.659404391050126,0.0,-10.659404391050126,0.0,-10.659404391050126,0.0,-10.659404391050126,0.0,-10.659404391050126,0.0,-10.659404391050126,0.0
0.0,0.0,0.0,0.0,0.0,0.0,0.0,0.0,0.0,0.0,0.0,0.0,0.0,0.0,0.0,0.0,0.0,0.0,0.0,0.0
7.098163359498204,13.206225482721285,7.298163359498204,13.206225482721285,7.4981633594982044,13.206225482721285,7.698163359498204,13.206225482721285,7.898163359498204,13.206225482721285,8.098163359498203,13.206225482721285,8.298163359498204,13.206225482721285,8.498163359498204,13.206225482721285,8.698163359498205,13.206225482721285,8.898163359498204,13.206225482721285
11.450697344147839,0.0,11.450697344147839,0.0,11.450697344147839,0.0,11.450697344147839,0.0,11.450697344147839,0.0,11.450697344147839,0.0,11.450697344147839,0.0,11.450697344147839,0.0,11.450697344147839,0.0,11.450697344147839,0.0
0.0,0.0,0.0,0.0,0.0,0.0,0.0,0.0,0.0,0.0,0.0,0.0,0.0,0.0,0.0,0.0,0.0,0.0,0.0,0.0
-6.582804451605645,-5.1751208072507575,-6.382804451605645,-5.1751208072507575,-6.182804451605644,-5.1751208072507575,-5.982804451605644,-5.1751208072507575,-5.782804451605644,-5.1751208072507575,-5.582804451605645,-5.1751208072507575,-5.382804451605645,-5.1751208072507575,-5.182804451605644,-5.1751208072507575,-4.982804451605644,-5.1751208072507575,-4.782804451605644,-5.1751208072507575
-8.595392252176877,0.0,-8.595392252176877,0.0,-8.595392252176877,0.0,-8.595392252176877,0.0,-8.595392252176877,0.0,-8.595392252176877,0.0,-8.595392252176877,0.0,-8.595392252176877,0.0,-8.595392252176877,0.0,-8.595392252176877,0.0
0.0,0.0,0.0,0.0,0.0,0.0,0.0,0.0,0.0,0.0,0.0,0.0,0.0,0.0,0.0,0.0,0.0,0.0,0.0,0.0
-5.13346520840178,5.132978619012532,-4.933465208401779,5.132978619012532,-4.733465208401779,5.132978619012532,-4.533465208401779,5.132978619012532,-4.33346520840178,5.132978619012532,-4.13346520840178,5.132978619012532,-3.9334652084017794,5.132978619012532,-3.733465208401779,5.132978619012532,-3.533465208401779,5.132978619012532,-3.3334652084017793,5.132978619012532
10.251799832635895,0.0,10.251799832635895,0.0,10.251799832635895,0.0,10.251799832635895,0.0,10.251799832635895,0.0,10.251799832635895,0.0,10.251799832635895,0.0,10.251799832635895,0.0,10.251799832635895,0.0,10.251799832635895,0.0
0.0,0.0,0.0,0.0,0.0,0.0,0.0,0.0,0.0,0.0,0.0,0.0,0.0,0.0,0.0,0.0,0.0,0.0,0.0,0.0
-1.1419739111197456,3.5650131619911276,-0.9419739111197456,3.5650131619911276,-0.7419739111197455,3.5650131619911276,-0.5419739111197455,3.5650131619911276,-0.3419739111197455,3.5650131619911276,-0.14197391111974555,3.5650131619911276,0.05802608888025462,3.5650131619911276,0.2580260888802546,3.5650131619911276,0.45802608888025453,3.5650131619911276,0.6580260888802545,3.5650131619911276
-8.636621055252592,0.0,-8.636621055252592,0.0,-8.636621055252592,0.0,-8.636621055252592,0.0,-8.636621055252592,0.0,-8.636621055252592,0.0,-8.636621055252592,0.0,-8.636621055252592,0.0,-8.636621055252592,0.0,-8.636621055252592,0.0
0.0,0.0,0.0,0.0,0.0,0.0,0.0,0.0,0.0,0.0,0.0,0.0,0.0,0.0,0.0,0.0,0.0,0.0,0.0,0.0
-7.962915235592191,-15.223712496382452,-7.762915235592191,-15.223712496382452,-7.5629152355921905,-15.223712496382452,-7.36291523559219,-15.223712496382452,-7.162915235592191,-15.223712496382452,-6.96291523559219,-15.223712496382452,-6.762915235592191,-15.223712496382452,-6.5629152355921905,-15.223712496382452,-6.36291523559219,-15.223712496382452,-6.16291523559219,-15.223712496382452
8.691579706329197,0.0,8.691579706329197,0.0,8.691579706329197,0.0,8.691579706329197,0.0,8.691579706329197,0.0,8.691579706329197,0.0,8.691579706329197,0.0,8.691579706329197,0.0,8.691579706329197,0.0,8.691579706329197,0.0
0.0,0.0,0.0,0.0,0.0,0.0,0.0,0.0,0.0,0.0,0.0,0.0,0.0,0.0,0.0,0.0,0.0,0.0,0.0,0.0
0.34137444070677614,-3.2082453723842224,0.5413744407067762,-3.2082453723842224,0.7413744407067762,-3.2082453723842224,0.9413744407067762,-3.2082453723842224,1.1413744407067763,-3.2082453723842224,1.3413744407067765,-3.2082453723842224,1.5413744407067762,-3.2082453723842224,1.7413744407067764,-3.2082453723842224,1.9413744407067766,-3.2082453723842224,2.1413744407067763,-3.2082453723842224
-8.416091843960926,0.0,-8.416091843960926,0.0,-8.416091843960926,0.0,-8.416091843960926,0.0,-8.416091843960926,0.0,-8.416091843960926,0.0,-8.416091843960926,0.0,-8.416091843960926,0.0,-8.416091843960926,0.0,-8.416091843960926,0.0
0.0,0.0,0.0,0.0,0.0,0.0,0.0,0.0,0.0,0.0,0.0,0.0,0.0,0.0,0.0,0.0,0.0,0.0,0.0,0.0
-13.020018821735635,-1.806585148155788,-12.820018821735635,-1.806585148155788,-12.620018821735634,-1.806585148155788,-12.420018821735635,-1.806585148155788,-12.220018821735634,-1.806585148155788,-12.020018821735635,-1.806585148155788,-11.820018821735633,-1.806585148155788,-11.620018821735634,-1.806585148155788,-11.420018821735635,-1.806585148155788,-11.220018821735634,-1.806585148155788
8.811750372000668,0.0,8.811750372000668,0.0,8.811750372000668,0.0,8.811750372000668,0.0,8.811750372000668,0.0,8.811750372000668,0.0,8.811750372000668,0.0,8.811750372000668,0.0,8.811750372000668,0.0,8.811750372000668,0.0
0.0,0.0,0.0,0.0,0.0,0.0,0.0,0.0,0.0,0.0,0.0,0.0,0.0,0.0,0.0,0.0,0.0,0.0,0.0,0.0
9.498867243051352,-5.93576478497108,9.698867243051351,-5.93576478497108,9.898867243051352,-5.93576478497108,10.098867243051352,-5.93576478497108,10.298867243051353,-5.93576478497108,10.498867243051352,-5.93576478497108,10.698867243051353,-5.93576478497108,10.898867243051352,-5.93576478497108,11.098867243051352,-5.93576478497108,11.298867243051353,-5.93576478497108
9.820757186891553,0.0,9.820757186891553,0.0,9.820757186891553,0.0,9.820757186891553,0.0,9.820757186891553,0.0,9.820757186891553,0.0,9.820757186891553,0.0,9.820757186891553,0.0,9.820757186891553,0.0,9.820757186891553,0.0
0.0,0.0,0.0,0.0,0.0,0.0,0.0,0.0,0.0,0.0,0.0,0.0,0.0,0.0,0.0,0.0,0.0,0.0,0.0,0.0
1.985998338956282,-1.297322225807426,2.1859983389562823,-1.297322225807426,2.385998338956282,-1.297322225807426,2.585998338956282,-1.297322225807426,2.785998338956282,-1.297322225807426,2.985998338956282,-1.297322225807426,3.1859983389562823,-1.297322225807426,3.385998338956282,-1.297322225807426,3.5859983389562817,-1.297322225807426,3.785998338956282,-1.297322225807426
-11.178299664912869,0.0,-11.178299664912869,0.0,-11.178299664912869,0.0,-11.178299664912869,0.0,-11.178299664912869,0.0,-11.178299664912869,0.0,-11.178299664912869,0.0,-11.178299664912869,0.0,-11.178299664912869,0.0,-11.178299664912869,0.0
0.0,0.0,0.0,0.0,0.0,0.0,0.0,0.0,0.0,0.0,0.0,0.0,0.0,0.0,0.0,0.0,0.0,0.0,0.0,0.0
-12.808930485734598,7.70455881781004,-12.608930485734598,7.70455881781004,-12.408930485734597,7.70455881781004,-12.208930485734598,7.70455881781004,-12.008930485734597,7.70455881781004,-11.808930485734598,7.70455881781004,-11.608930485734597,7.70455881781004,-11.408930485734597,7.70455881781004,-11.208930485734598,7.70455881781004,-11.008930485734597,7.70455881781004
11.963290723923127,0.0,11.963290723923127,0.0,11.963290723923127,0.0,11.963290723923127,0.0,11.963290723923127,0.0,11.963290723923127,0.0,11.963290723923127,0.0,11.963290723923127,0.0,11.963290723923127,0.0,11.963290723923127,0.0
0.0,0.0,0.0,0.0,0.0,0.0,0.0,0.0,0.0,0.0,0.0,0.0,0.0,0.0,0.0,0.0,0.0,0.0,0.0,0.0
-7.033446450063432,8.282188104209656,-6.833446450063432,8.282188104209656,-6.633446450063432,8.282188104209656,-6.433446450063432,8.282188104209656,-6.233446450063433,8.282188104209656,-6.0334464500634315,8.282188104209656,-5.833446450063432,8.282188104209656,-5.633446450063432,8.282188104209656,-5.433446450063432,8.282188104209656,-5.233446450063432,8.282188104209656
-11.22006880232181,0.0,-11.22006880232181,0.0,-11.22006880232181,0.0,-11.22006880232181,0.0,-11.22006880232181,0.0,-11.22006880232181,0.0,-11.22006880232181,0.0,-11.22006880232181,0.0,-11.22006880232181,0.0,-11.22006880232181,0.0
0.0,0.0,0.0,0.0,0.0,0.0,0.0,0.0,0.0,0.0,0.0,0.0,0.0,0.0,0.0,0.0,0.0,0.0,0.0,0.0
-19.745305025860414,-0.3703968193593781,-19.545305025860415,-0.3703968193593781,-19.345305025860416,-0.3703968193593781,-19.145305025860416,-0.3703968193593781,-18.945305025860417,-0.3703968193593781,-18.745305025860414,-0.3703968193593781,-18.545305025860415,-0.3703968193593781,-18.345305025860416,-0.3703968193593781,-18.145305025860416,-0.3703968193593781,-17.945305025860417,-0.3703968193593781
9.509661622865691,0.0,9.509661622865691,0.0,9.509661622865691,0.0,9.509661622865691,0.0,9.509661622865691,0.0,9.509661622865691,0.0,9.509661622865691,0.0,9.509661622865691,0.0,9.509661622865691,0.0,9.509661622865691,0.0
0.0,0.0,0.0,0.0,0.0,0.0,0.0,0.0,0.0,0.0,0.0,0.0,0.0,0.0,0.0,0.0,0.0,0.0,0.0,0.0
8.741238504366452,9.791704534399132,8.941238504366451,9.791704534399132,9.141238504366452,9.791704534399132,9.341238504366451,9.791704534399132,9.541238504366452,9.791704534399132,9.741238504366452,9.791704534399132,9.941238504366453,9.791704534399132,10.141238504366452,9.791704534399132,10.341238504366451,9.791704534399132,10.541238504366452,9.791704534399132
-10.062949702487359,0.0,-10.062949702487359,0.0,-10.062949702487359,0.0,-10.062949702487359,0.0,-10.062949702487359,0.0,-10.062949702487359,0.0,-10.062949702487359,0.0,-10.062949702487359,0.0,-10.062949702487359,0.0,-10.062949702487359,0.0
0.0,0.0,0.0,0.0,0.0,0.0,0.0,0.0,0.0,0.0,0.0,0.0,0.0,0.0,0.0,0.0,0.0,0.0,0.0,0.0
-5.554868750869112,13.039670408606742,-5.3548687508691115,13.039670408606742,-5.154868750869111,13.039670408606742,-4.954868750869112,13.039670408606742,-4.754868750869112,13.039670408606742,-4.554868750869112,13.039670408606742,-4.3548687508691115,13.039670408606742,-4.154868750869111,13.039670408606742,-3.954868750869111,13.039670408606742,-3.7548687508691114,13.039670408606742
8.23559568548831,0.0,8.23559568548831,0.0,8.23559568548831,0.0,8.23559568548831,0.0,8.23559568548831,0.0,8.23559568548831,0.0,8.23559568548831,0.0,8.23559568548831,0.0,8.23559568548831,0.0,8.23559568548831,0.0
0.0,0.0,0.0,0.0,0.0,0.0,0.0,0.0,0.0,0.0,0.0,0.0,0.0,0.0,0.0,0.0,0.0,0.0,0.0,0.0
-12.921634421990372,9.93030208704327,-12.721634421990373,9.93030208704327,-12.521634421990372,9.93030208704327,-12.321634421990373,9.93030208704327,-12.121634421990372,9.93030208704327,-11.921634421990372,9.93030208704327,-11.721634421990371,9.93030208704327,-11.521634421990372,9.93030208704327,-11.321634421990371,9.93030208704327,-11.121634421990372,9.93030208704327
-10.844382744812116,0.0,-10.844382744812116,0.0,-10.844382744812116,0.0,-10.844382744812116,0.0,-10.844382744812116,0.0,-10.844382744812116,0.0,-10.844382744812116,0.0,-10.844382744812116,0.0,-10.844382744812116,0.0,-10.844382744812116,0.0
0.0,0.0,0.0,0.0,0.0,0.0,0.0,0.0,0.0,0.0,0.0,0.0,0.0,0.0,0.0,0.0,0.0,0.0,0.0,0.0
-6.483156599236006,1.8777008678154117,-6.283156599236006,1.8777008678154117,-6.0831565992360055,1.8777008678154117,-5.883156599236005,1.8777008678154117,-5.683156599236005,1.8777008678154117,-5.483156599236006,1.8777008678154117,-5.283156599236006,1.8777008678154117,-5.0831565992360055,1.8777008678154117,-4.883156599236005,1.8777008678154117,-4.683156599236005,1.8777008678154117
8.290031253590545,0.0,8.290031253590545,0.0,8.290031253590545,0.0,8.290031253590545,0.0,8.290031253590545,0.0,8.290031253590545,0.0,8.290031253590545,0.0,8.290031253590545,0.0,8.290031253590545,0.0,8.290031253590545,0.0
0.0,0.0,0.0,0.0,0.0,0.0,0.0,0.0,0.0,0.0,0.0,0.0,0.0,0.0,0.0,0.0,0.0,0.0,0.0,0.0
-10.760980293472194,5.252529712218463,-10.560980293472195,5.252529712218463,-10.360980293472194,5.252529712218463,-10.160980293472194,5.252529712218463,-9.960980293472193,5.252529712218463,-9.760980293472194,5.252529712218463,-9.560980293472193,5.252529712218463,-9.360980293472194,5.252529712218463,-9.160980293472193,5.252529712218463,-8.960980293472193,5.252529712218463
11.53044632771952,0.0,11.53044632771952,0.0,11.53044632771952,0.0,11.53044632771952,0.0,11.53044632771952,0.0,11.53044632771952,0.0,11.53044632771952,0.0,11.53044632771952,0.0,11.53044632771952,0.0,11.53044632771952,0.0
0.0,0.0,0.0,0.0,0.0,0.0,0.0,0.0,0.0,0.0,0.0,0.0,0.0,0.0,0.0,0.0,0.0,0.0,0.0,0.0
-3.190417001626563,-1.7414147297049876,-2.9904170016265628,-1.7414147297049876,-2.790417001626563,-1.7414147297049876,-2.590417001626563,-1.7414147297049876,-2.390417001626563,-1.7414147297049876,-2.190417001626563,-1.7414147297049876,-1.990417001626563,-1.7414147297049876,-1.790417001626563,-1.7414147297049876,-1.590417001626563,-1.7414147297049876,-1.3904170016265631,-1.7414147297049876
-10.904231274266236,0.0,-10.904231274266236,0.0,-10.904231274266236,0.0,-10.904231274266236,0.0,-10.904231274266236,0.0,-10.904231274266236,0.0,-10.904231274266236,0.0,-10.904231274266236,0.0,-10.904231274266236,0.0,-10.904231274266236,0.0
0.0,0.0,0.0,0.0,0.0,0.0,0.0,0.0,0.0,0.0,0.0,0.0,0.0,0.0,0.0,0.0,0.0,0.0,0.0,0.0
-2.6906141503637127,2.5678545034435696,-2.4906141503637125,2.5678545034435696,-2.2906141503637127,2.5678545034435696,-2.0906141503637126,2.5678545034435696,-1.8906141503637128,2.5678545034435696,-1.6906141503637127,2.5678545034435696,-1.4906141503637127,2.5678545034435696,-1.2906141503637127,2.5678545034435696,-1.0906141503637128,2.5678545034435696,-0.8906141503637127,2.5678545034435696
-11.333464849767024,0.0,-11.333464849767024,0.0,-11.333464849767024,0.0,-11.333464849767024,0.0,-11.333464849767024,0.0,-11.333464849767024,0.0,-11.333464849767024,0.0,-11.333464849767024,0.0,-11.333464849767024,0.0,-11.333464849767024,0.0
0.0,0.0,0.0,0.0,0.0,0.0,0.0,0.0,0.0,0.0,0.0,0.0,0.0,0.0,0.0,0.0,0.0,0.0,0.0,0.0
3.286072525566261,-7.001250465867705,3.4860725255662612,-7.001250465867705,3.686072525566261,-7.001250465867705,3.886072525566261,-7.001250465867705,4.086072525566261,-7.001250465867705,4.2860725255662615,-7.001250465867705,4.486072525566261,-7.001250465867705,4.686072525566262,-7.001250465867705,4.886072525566261,-7.001250465867705,5.086072525566261,-7.001250465867705
-10.84092273531847,0.0,-10.84092273531847,0.0,-10.84092273531847,0.0,-10.84092273531847,0.0,-10.84092273531847,0.0,-10.84092273531847,0.0,-10.84092273531847,0.0,-10.84092273531847,0.0,-10.84092273531847,0.0,-10.84092273531847,0.0
0.0,0.0,0.0,0.0,0.0,0.0,0.0,0.0,0.0,0.0,0.0,0.0,0.0,0.0,0.0,0.0,0.0,0.0,0.0,0.0
-6.816017426168271,-4.346682363808689,-6.616017426168271,-4.346682363808689,-6.4160174261682705,-4.346682363808689,-6.21601742616827,-4.346682363808689,-6.01601742616827,-4.346682363808689,-5.816017426168271,-4.346682363808689,-5.616017426168271,-4.346682363808689,-5.4160174261682705,-4.346682363808689,-5.21601742616827,-4.346682363808689,-5.01601742616827,-4.346682363808689
10.789719672816767,0.0,10.789719672816767,0.0,10.789719672816767,0.0,10.789719672816767,0.0,10.789719672816767,0.0,10.789719672816767,0.0,10.789719672816767,0.0,10.789719672816767,0.0,10.789719672816767,0.0,10.789719672816767,0.0
0.0,0.0,0.0,0.0,0.0,0.0,0.0,0.0,0.0,0.0,0.0,0.0,0.0,0.0,0.0,0.0,0.0,0.0,0.0,0.0
-15.470612366622808,-9.744992878596475,-15.270612366622808,-9.744992878596475,-15.070612366622807,-9.744992878596475,-14.870612366622808,-9.744992878596475,-14.670612366622807,-9.744992878596475,-14.470612366622808,-9.744992878596475,-14.270612366622807,-9.744992878596475,-14.070612366622807,-9.744992878596475,-13.870612366622808,-9.744992878596475,-13.670612366622807,-9.744992878596475
-11.72041121363269,0.0,-11.72041121363269,0.0,-11.72041121363269,0.0,-11.72041121363269,0.0,-11.72041121363269,0.0,-11.72041121363269,0.0,-11.72041121363269,0.0,-11.72041121363269,0.0,-11.72041121363269,0.0,-11.72041121363269,0.0
0.0,0.0,0.0,0.0,0.0,0.0,0.0,0.0,0.0,0.0,0.0,0.0,0.0,0.0,0.0,0.0,0.0,0.0,0.0,0.0
8.576253124702138,11.288507563871281,8.776253124702137,11.288507563871281,8.976253124702138,11.288507563871281,9.176253124702137,11.288507563871281,9.376253124702139,11.288507563871281,9.576253124702138,11.288507563871281,9.776253124702139,11.288507563871281,9.976253124702138,11.288507563871281,10.17625312470214,11.288507563871281,10.376253124702139,11.288507563871281
-11.526690995429133,0.0,-11.526690995429133,0.0,-11.526690995429133,0.0,-11.526690995429133,0.0,-11.526690995429133,0.0,-11.526690995429133,0.0,-11.526690995429133,0.0,-11.526690995429133,0.0,-11.526690995429133,0.0,-11.526690995429133,0.0
0.0,0.0,0.0,0.0,0.0,0.0,0.0,0.0,0.0,0.0,0.0,0.0,0.0,0.0,0.0,0.0,0.0,0.0,0.0,0.0
-4.8368276010225175,-6.677004100849101,-4.636827601022517,-6.677004100849101,-4.436827601022517,-6.677004100849101,-4.236827601022517,-6.677004100849101,-4.036827601022518,-6.677004100849101,-3.8368276010225175,-6.677004100849101,-3.6368276010225173,-6.677004100849101,-3.436827601022517,-6.677004100849101,-3.236827601022517,-6.677004100849101,-3.0368276010225173,-6.677004100849101
-8.379887933185833,0.0,-8.379887933185833,0.0,-8.379887933185833,0.0,-8.379887933185833,0.0,-8.379887933185833,0.0,-8.379887933185833,0.0,-8.379887933185833,0.0,-8.379887933185833,0.0,-8.379887933185833,0.0,-8.379887933185833,0.0
0.0,0.0,0.0,0.0,0.0,0.0,0.0,0.0,0.0,0.0,0.0,0.0,0.0,0.0,0.0,0.0,0.0,0.0,0.0,0.0
