125.0000000004148300,250000,35.6246874998767710
28.3484214866564950,21.0479610436986990,27.4464048167951800,23.6050083625628560,23.5931083780807210,26.0923838061815160,23.9377955108825130,24.0907260986089860,25.0990240958960630,27.1014799332707350,29.6052622520566760,24.5662110893893730,24.2765152106160900,21.1346370111997040,22.1789886934652430,29.5747206906791720,29.4335072040439480,28.8182428115649780,26.4641056240339340,22.1382481213060840,26.3683201380683910,21.3914625198490360,24.5870407030536240,28.7386318515631840,22.5845030586707370,26.6485109776253140,28.6267433603695950,21.4884806304421900,25.6294995815897340,21.5915526381314780,21.7289492658229900,21.0402296099023120,22.0293759300016700,24.5518929672288810,27.9457491622821690,29.9082268098078150,28.0501720058045230,23.7741540571642250,25.1573742562183970,20.5889892137207720,27.1109568620302850,20.7250781339763610,28.8261158192987990,27.2605781856655870,28.3336621244175570,27.1023068382961720,26.9742991820419180,29.3010280340817250,28.8167274885728300,20.9497198329645790
2.8682515815661689,3.0958730045358869,0.6847007188014974,0.9659421056937207,6.1844389761629337,1.7062627678183457,5.6369715523466963,1.0319167116867767,0.8316316927844797,1.9939902368353142,1.9315929047087028,2.6518509482341868,2.0797116594088467,3.5693228365093428,0.5986911855205874,5.0138404082771073,1.6880177596671135,5.7265887896181464,5.6658245238741651,0.0996374981712482,5.3638437449558038,4.2449587838435097,0.2367522591318557,1.9411764838760817,3.5452841177944259,3.7326998327018637,4.2776768007810100,3.9736863506464282,5.8980416901036179,4.6314589947443316,4.6800651968106717,0.6841483724924007,3.1016018919041466,5.4459573748313730,0.1147002243745039,1.1492179707856034,0.7079885543999533,5.3614273150104328,0.3044463958260341,3.1380042960519496,3.1610068730405874,4.8049222989845646,2.1832744251521596,5.8522777477832584,1.8799662141141542,3.4628486748184524,0.3616303614540519,3.7404229541070437,4.0403655614329193,4.6570594552920959
8.5547590203887349,6.1366879337753213,8.7132396191177985,6.2567377554637700,8.8667378172367872,6.3816282497346224,8.9889601791727873,6.5362870906456951,9.0856180680330514,6.7081968320362089,9.1984884222440630,6.8703504215782809,9.3430403563823923,7.0058300712671224,9.4953448811067851,7.1337968328516643,9.6300937221723206,7.2809451923794501,9.7507607068903361,7.4402410470320746
2.9919719079424971,-0.7560197157637096,1.3472839452277796,0.9623945445601623,-1.6648564887456001,3.9204426429783577,-4.5555547366429323,5.2155638968104086,-3.4059872316511894,3.3840710585551155,1.9662075532803549,-1.5743310441406273,5.4042786896627275,-6.6215686504933453,3.6498683176319275,-5.9171392084331806,-1.7243278192015754,-1.7932263561701816,-5.3342558251913541,0.4718445633401390
-372.3778140700121600,-1115.1625042123960000,-361.8179359054086000,-891.3409754907774000,-907.1189377202625800,163.9659901405729000,-973.7202731287977700,710.2543797529564200,337.5247300151197600,430.4847315548348700,1480.9236926285596000,-317.3238468224101300,1112.4804169806409000,-179.1988291315835800,47.5482584621307750,776.3554140884402800,-536.1604476199710200,674.1838973943731600,172.7183103580025500,-252.2182572740105100
-5.3749322325688587,-3.9892958013969260,-5.5697602155612875,-3.9440058019058704,-5.7642763404983937,-3.8973720798764244,-5.9489626858906677,-3.8204561502428809,-6.1244289985961355,-3.7241995120059439,-6.3075340314136268,-3.6433840558649568,-6.5014292340271105,-3.5937463760664676,-6.6967349218577201,-3.5499663692511354,-6.8847563368229796,-3.4814425525947863,-7.0652409153408486,-3.3951136122103369
-0.3056025564228471,-0.7396813089210802,-0.7089475903293319,-2.3084276684856366,-0.2613347042371673,-0.1484760073905738,0.9918071245647192,3.1784336909503175,0.8773296269294771,3.1870625276436595,-0.9565943408890133,-0.5992465359083831,-1.9792921973683018,-4.0132486504114402,-1.8481510998684469,-2.9927087663789909,-0.6503154322344188,0.5761005078084055,0.0431327515404194,2.1260378004885601
-90.0572010739340810,-332.2375325104167700,20.2884522569797310,72.3748876761974460,134.8739913717460000,487.5523635689833100,136.9888509956883800,331.6510799819763500,-143.1753729326965200,-178.0667290983714400,-197.0423085605741800,-495.4529023195309500,-53.9279419697448720,-222.9185280748834000,54.1150916314444000,220.6815218999578300,133.6761683358093100,218.5558536470917100,4.2602699452818342,-102.1400147710055300
0.0456298299737771,5.6437365965908590,-0.1456859149052469,5.7029249421893100,-0.3365373607251646,5.7640490684580055,-0.5358236235469502,5.7876257506782398,-0.7363064374720655,5.7706137339204959,-0.9370150626834568,5.7548504730217287,-1.1367482578257004,5.7783862772285648,-1.3304011987223232,5.8321883667792829,-1.5259032976242854,5.8781606926130268,-1.7251591572471077,5.9006840325275629
-3.2951408218101736,-0.4066801752224915,-2.1485865347245210,1.5427563571886855,-1.4413277835202973,1.0085339789156580,-0.8695455604138999,-2.6342501354333168,0.3598200411217363,-5.0483723758182242,1.0200099715552609,-2.2306750044440711,2.2574885960374789,3.5603674423525447,3.1019376838670656,5.4828074297793084,2.1090291522254461,0.9887109574274177,1.3916737034132505,-4.8141333716011037
-128.5880628450271400,1502.4887077030537000,-595.2488768581984000,-506.7884239346449800,-726.3385668495348000,-1502.4612118597606000,-300.2366027982383200,-1006.9094358334274000,-19.1404846562789220,160.6864089201535300,192.7837455654219000,1074.0658228960042000,502.9559957950169700,1048.3624747031345000,346.2150178038932000,185.1517767178293900,274.3961010180594800,-523.0449823264910900,453.2017338248860500,-431.5511369858514900
6.9930153440308445,11.0765181447911160,7.1937568350307028,11.0836656762829070,7.3949137182531928,11.0746452817116520,7.5965466990728050,11.0787228871568110,7.7944110721067341,11.1192477449964450,7.9868417652570001,11.1803246387199290,8.1837976608608454,11.2228795242541340,8.3848095674608523,11.2291911911640890,8.5855088617174271,11.2252148407357990,8.7849650460839062,11.2444728913841650
3.8555097238620974,4.9917828649386600,3.6876752100454815,-0.6535680264661348,2.8656407167788789,-4.6449284012882419,2.0472055675920053,-2.4959714842926362,0.2300809083486849,3.1397159559473460,-1.1872844927438702,5.5264744901306360,-0.9932358308496680,2.1001179491061972,-1.1946404284389791,-2.7719450300936841,-1.4732216360607600,-3.3870869544886770,-1.8409808608651239,-0.9698726789552483
1141.1986630071913000,-1061.0077716884762000,692.7468506555487700,527.1677475507607400,360.2067860554011000,1115.2039501691127000,47.5059019972129020,688.4906375319697000,-262.3481391967284300,11.0560668768422370,-288.5310229359394600,-544.6839010838375500,-346.3086719915972900,-784.5246427022527800,-474.3228887971226300,-389.0873657673975600,-433.2847668516903900,214.3820002402711700,-436.8627119422758900,223.0032788730072200
3.9846103971523479,-3.8305082978068543,4.1818517449605936,-3.8650042826323308,4.3821162531224180,-3.8721528229045612,4.5810053405252180,-3.8454348457011531,4.7806659082587579,-3.8229653399755059,4.9811960486565470,-3.8371520826399657,5.1789787706653492,-3.8735044276677471,5.3789824770809860,-3.8935758423836329,5.5796307661454696,-3.8864758400794250,5.7800192354652333,-3.8811505120029892
-3.4341921413640479,-5.0356594409404716,-2.4540477259454230,-1.1315678085897083,-1.6697288921082032,5.3471918304381028,-1.3733713048168386,7.7600977211384734,-0.1186075963994410,2.9618796768875195,0.2078072917342199,-4.0831196505610139,0.5107009987610711,-6.2444455417939340,1.4380461081826164,-2.7910590017866870,1.7201400104402653,1.4145163563264462,1.9085923458928618,2.7369855250865478
-43.3273525604363100,-846.5335422513945800,221.5848370501130400,662.1150884672622400,103.8484258700415100,1114.1493306717266000,217.4307145413903900,118.6550162596136600,236.9104188982323400,-940.8422132100604400,-39.5701548861285630,-798.3642376125254700,6.3079184997142157,83.9253027747171390,-100.6737058784814100,547.1093009460769300,-272.3315879027189200,230.4390445922571500,-330.1795136317263100,-170.6530906376727300
-0.8104371113433877,0.3520733519162060,-0.7832147247762443,0.5514184241955402,-0.7392905990146189,0.7484372417824169,-0.7123207848618757,0.9489303039032573,-0.7232951090800480,1.1512334303868417,-0.7500156074195425,1.3519634170680617,-0.7517313311202125,1.5540000516728296,-0.7170666610409638,1.7524846868030322,-0.6752073989394303,1.9490963915622721,-0.6553841868698492,2.1486800635103713
-3.7955946141467698,1.6526539571275873,2.6963137219626496,0.8571236089752332,5.2128248266351456,0.2727791502479008,1.0843996604902262,0.8218047991605685,-4.3108897399776573,0.5474945576916320,-4.4501692957785899,0.3985491282359103,0.5329757063243099,0.3111924237440906,4.2766643442319765,-0.4754162968676839,2.2937580727923490,-0.1728275274507825,-2.3802239750385099,0.2684505632726962
897.5085284361117600,1075.5431139178199000,41.1208332118309840,756.9292413098276000,-847.8041083438472500,622.9381564199046600,-951.2485096168529700,242.9681747420416700,-250.8515538802473700,-183.7424067164636200,488.2015175774282100,-322.6119240742774000,814.6526995147191900,-570.4102250614089400,574.1834726006609300,-643.9345982110986600,-90.4552725523053740,-489.0765847108128800,-675.3076069474973300,-488.6029476155322300
11.7848981003227940,8.8035958568129562,11.9022278313905490,8.6414170044167715,12.0426140454167340,8.4985127581123034,12.2078725729725460,8.3844706467142593,12.3727996934291880,8.2690923480468825,12.5152670325605190,8.1264428513887701,12.6422290947675450,7.9695253810394080,12.7824571794655440,7.8244062509867787,12.9408189377620440,7.6998901095054011,13.0974153266249940,7.5740608707563757
-6.1706330630864397,-0.2891585419415441,-4.1812946344164326,0.7541327909784120,0.2920081907481156,4.2114331849118045,2.4834312650650392,5.7655374559849859,1.0365462524063469,1.6598390769486522,-2.3526398650497566,-3.7040880739526729,-2.7140999795305136,-5.7534520134933356,0.6386667290523355,-4.2501002345535417,3.8011446859890907,-1.7971233580405614,4.9541836097618770,-1.2569330149484856
-850.1137361125573800,-651.1053401499270900,672.2956764589607700,392.2249981451021800,1058.2204538553160000,859.9213356866243900,360.2841277237996600,-112.1880199972304000,-449.9242074116683600,-1112.5790337062151000,-452.9940975016342600,-688.4007538369394300,253.2338103717953600,156.6610757108206800,223.5371477362340300,523.4004464981787800,-301.5544188516056500,333.9200118624952400,-512.9847562686401300,298.1452797870920800
-3.7901348319074448,11.0312379883032300,-3.7080382598673318,10.8501169779625870,-3.6312736560415257,10.6677404900661910,-3.5918925711083394,10.4748603777264360,-3.5805554241830326,10.2789740175717230,-3.5535573657783983,10.0850874329625350,-3.4902271861981289,9.9000403957883680,-3.4157818375464957,9.7186286373083703,-3.3605408816522577,9.5294687169949803,-3.3185401004801256,9.3357121795189286
0.6170013539434125,1.2148371902452986,3.2578211738431428,2.2308458029338305,0.8464068116174753,0.9569943286616930,-3.5742317814615978,-0.3052533680549334,-3.3202589398019438,-0.5711365279147704,1.5305845479347056,-0.1197480657704259,4.5148774471184758,0.8216110401733014,2.3267935982854313,-0.0091573192063115,-2.0222397079683749,-1.1920919862035992,-3.1942125085546516,-1.3396223172650896
-110.3353193996142100,1172.7693761553733000,-4.5198372331601604,1183.5756350096815000,-437.0567578101150700,880.3851826636525900,-857.9196307093460500,636.6072706869728100,-496.0317562075702000,293.7645256750486200,360.8227524464218700,54.9618502906840120,689.6264530167546800,-328.9983638173878300,434.5929747773739100,-956.3579237491553600,230.3831699463260600,-1340.5351963692819000,190.4379511729289300,-1596.1723565455875000
-7.2650230100310624,-7.5597108181329542,-7.1534188642645056,-7.3950163838810203,-7.0380242908764741,-7.2340068476820605,-6.8952252781296028,-7.0979337002005476,-6.7369125534342684,-6.9810487067996165,-6.5905917573964885,-6.8498478193528038,-6.4704578080310498,-6.6942480855177413,-6.3547743530563494,-6.5346674898392765,-6.2186339292638566,-6.3910645977886587,-6.0707918059642214,-6.2581974818037320
-0.1716065708468261,-0.0569609728530203,-1.3560839187280760,0.7668315207286082,1.3009896439727533,-1.1288645028526074,3.9389171256306312,-3.9732215906042141,2.9959394397795958,-3.1320771571608925,-0.9344955279324920,0.6767800063561005,-4.0173032776464153,2.3426138423982801,-2.6250780800435067,0.5347721061123714,0.1512336914626044,-2.8097425540377023,0.2896932697863779,-3.4926662399753146
-813.7301146049637700,-635.6725834568603700,-884.9893949508218600,-484.9245806160130900,-269.3785257273947300,-763.7856024191218000,136.3370864679541200,-889.9749467908218300,8.5010371524602988,-140.0674801340632900,-304.1037147938961900,566.2773513422406500,24.5533331287563780,653.0732100316527100,662.1247484692152100,487.4685557328005000,790.0224397258664300,467.4390807027080000,650.6631051328254200,740.1669956074785000
4.5650784893436507,2.1701950043599307,4.4078287836239110,2.2923013495904643,4.2469216595603019,2.4083578027892556,4.0652808394426474,2.4868375377815148,3.8735733770129892,2.5362882153768456,3.6864846951491836,2.6017682264221591,3.5148881849169906,2.7016722519923291,3.3475513839506754,2.8095415120136265,3.1675700736629442,2.8956182530788923,2.9803640687278605,2.9653354225295487
-0.6093776237922239,3.5931265512347559,-0.5779470058452797,3.2617303904792077,-2.2409777401732804,0.2817830930845252,-3.1421296479566938,-3.3683026550525375,-2.1506222167550058,-2.9745932303835270,0.5061007686194564,1.9281415067489598,3.5081330648382454,5.3727018817185721,3.1687323226407558,3.4096912399762416,1.2720557210528729,-1.7444759591348866,0.7262914626080345,-4.1328949925894749
1032.6694489362831000,125.4313724064781500,644.5379182601813000,-133.9921578319547000,-141.5804267170339000,-887.9368349704931200,-390.4688748045234100,-930.4522762518306500,-303.5578489093019200,284.6203225963747600,31.5213526042648480,1187.8659370176440000,-57.7916228083840910,768.3883169544205900,-493.8822831983226300,-136.6777357571918700,-338.7199029616925800,-435.4631881285835700,17.2722395985294670,158.2162439651363900
3.1069445725389371,-9.0404417529295067,3.1334640299374330,-8.8431016972242151,3.1355525210136945,-8.6444560248679405,3.0743600498104655,-8.4541671599318384,2.9767319749359711,-8.2776388489277704,2.8931456173644534,-8.0934703189240480,2.8511355786264896,-7.8959378831844340,2.8346378006361848,-7.6952364595633878,2.8123535602017884,-7.4955196427119581,2.7797860042456977,-7.2975981421048512
2.6307350066418578,6.1453980835678577,-0.1528265217338385,5.3233621902795560,-3.7854253807272125,3.4855034631692821,-6.6998709036833439,-0.0498543097294798,-5.6376137968929640,-2.5038502670840734,0.6339105973144555,-2.1298741387285585,8.3383957515399043,-2.0892427143163803,9.5537605294005328,-2.9518061412338001,2.1153816334967672,-4.0755235746178826,-6.8794990497293718,-5.4834107016308717
3264.2450036115870000,-521.6775352731514200,-2371.6010950854297000,635.3874159187578200,-3643.0609874657371000,805.6930217659393100,-866.0296883029591300,995.0390694659314500,1118.2873342979465000,977.1748428351224900,1283.0910796150702000,-53.3716278407098910,938.1349103840718700,-825.8645807611008000,975.6011166338058700,-689.6417672243997000,532.3276011034300800,-559.3371941515614500,-1230.9952747917855000,-763.4016447348279800
-17.5504937982940280,0.0826354451018398,-17.4918448771620480,0.2747453645282963,-17.4646655082914430,0.4743965350702275,-17.4574110249018020,0.6764603309369018,-17.4295315231590390,0.8772730210587649,-17.3681323314456260,1.0708221966688896,-17.3030255330322690,1.2631846704914360,-17.2669739324620190,1.4626380441359135,-17.2553093211401350,1.6643170861107166,-17.2331079199501750,1.8642794342980993
3.2803419887090626,-4.7893198671011916,-2.4915563321007257,-2.4867337384007628,-7.6970309758086159,-1.0076079085744583,-5.9026890606930440,-0.2495590083402602,1.0819759165947420,-0.2320391375318092,5.5037679804950956,-0.7243420241785420,4.1921913945624443,0.4277892637218246,0.3985753612521677,1.6387560047018439,-1.1859077861792946,2.0337653323963001,-0.1445357989160598,2.0712943240849069
862.8982928020607200,355.3104338507049000,-872.8588249441999100,807.1276043340275200,-818.1360360809490000,679.8929886906387300,660.1373338912009100,559.3194409604392400,1315.3808588560382000,97.8972869553936960,453.4172729811837700,-43.3314805874163370,-686.4397410751029200,-48.7499654756624640,-993.6742145069522400,-452.5154227575784500,-325.9673290469529500,-833.2673430296742900,405.2423871236731000,-1121.6835429408725000
10.4136677378151530,-7.2334636479781604,10.5256977243997130,-7.3982050133288233,10.6281159857021520,-7.5685008749677891,10.7553359195506970,-7.7207430029094661,10.9112248680533030,-7.8439107263379437,11.0681525370732480,-7.9662728192747476,11.1986669330005690,-8.1168174831944473,11.3053291022364770,-8.2856067418460491,11.4210068442753400,-8.4486492967499007,11.5578664076923530,-8.5944612742276973
2.9641771238799306,-3.2418625179036820,1.4986286342442092,-3.6456409416392814,0.4047448867776632,-3.3091547077557921,1.1732595149680776,-1.1314418217022855,1.8735172610742086,1.8879827598331143,0.4629424302311085,2.1657771967888779,-2.8565336032267492,0.6899137393059767,-4.3001840266211300,0.7146798082316587,-2.6314180083416479,2.5050158467042243,-1.7167379675617638,3.7170217605970386
-874.7776001149727600,6.3455606844676140,-266.8039486756391600,262.9354078447614700,684.0751905089505300,612.7746698590399300,823.2466044602722400,542.5987023543632400,135.5328707671016000,-286.9660482594448500,-537.6254998559022600,-1000.7110692406485000,-521.3185443118428600,-674.4161437360483000,221.8278969902987400,50.3663223405687430,454.1054064579543000,437.9627285997456200,-118.2623762262191000,49.1098695531950040
-8.0096479595253420,8.5265639388015479,-7.8569409138128474,8.6555654330594969,-7.7139457724274818,8.7951235941719297,-7.5564716634445874,8.9179663248798260,-7.3812211577886879,9.0137706019149295,-7.2060085712950146,9.1096366336845715,-7.0496422695334937,9.2338256492600586,-6.9109350596487547,9.3775780951868839,-6.7651586095700358,9.5143298849511062,-6.6034952639852236,9.6319720680950862
0.7519008717202325,-0.6870021674850598,-1.0596106430117396,1.4842261069780303,-0.9484321835122951,1.3621986736833653,1.1509588384969986,-1.2818881483255689,2.1599072481188220,-3.0858570762078519,1.0732029234961589,-1.0612239855670040,-1.2864880699515249,2.0043695512983879,-1.5437359968418520,2.2985454079610843,1.0044686431721961,-0.3372963412942377,2.9553853775002112,-2.9498956095172519
-216.0932566543089300,123.4822947222024400,-167.3377952249197400,13.7607495114839650,173.4154284007164800,-313.8007096037715100,266.3211645873603900,-483.4196911910842100,63.0762339831284750,-116.3419435455591900,-209.8443451312758200,397.0975313756179600,-306.8633028871460600,446.9211358406669200,1.5753610187718436,179.0787239220354600,218.8200029322488500,-115.0658836606260700,176.9305089754245400,-131.7122073709671800
-2.7416766342329484,-11.2310619839661230,-2.5531941391878257,-11.2977687707937480,-2.3645393759440156,-11.3637475512839360,-2.1896648754342309,-11.4604067477812780,-2.0301604586276096,-11.5808783526536040,-1.8644737049803166,-11.6927909189233980,-1.6830147269461162,-11.7767679524289810,-1.4975444796064112,-11.8515968678623110,-1.3217171388727220,-11.9469947573630290,-1.1566496453953468,-12.0599776089403770
-0.4778596956978982,-0.0754549139893472,0.4288877187329593,2.2398063736178138,-0.0134461824783136,0.5898821780660575,-1.6453990142545549,-2.8384857566903232,-1.6266232726758842,-3.2226019121858718,1.1190276021317780,0.2894229473433425,3.1452830820830715,3.9096455982177538,3.0125240794794679,2.9147245448560941,1.0334151123312834,-1.2204703646334092,-0.4800866544093410,-3.6581281092367712
76.9987842941347080,448.2874211516720500,-89.5460127558138340,63.5382648897953500,-264.1510927411159200,-465.4004765479353400,-299.3983335859422800,-443.2262604480662300,76.0127109227636030,-1.0654737637313900,293.0178189045232100,401.5829331549130100,194.1143270182899400,299.1775124078163800,72.2726239395390020,-89.5810782780838930,-59.9615999813166380,-175.8092662217008200,0.6407739849381677,-37.5035763446791320
7.3300278658134230,3.7823714246605511,7.4994463260995738,3.6775078019783916,7.6526560637474814,3.5510689827342188,7.7833754342069152,3.4024242035513255,7.9189686716623111,3.2591187063352591,8.0797187321650927,3.1459144530429355,8.2507770915738750,3.0500670940808035,8.4075853088073345,2.9324516629526904,8.5407969511886286,2.7876461820204983,8.6753824949283924,2.6424273687026285
1.4296761243564158,7.1822979264948321,-0.1293741634134386,3.7212849195493485,-5.6531578089513541,-4.6437177407295653,-8.6289986025135459,-8.8433669978750231,-1.9719041807307249,-4.1848272720188406,6.0815252674202265,5.1427817509473090,8.1142379499750472,7.7978251076249707,4.1428205806019349,2.3137634880737292,-1.3794182545449334,-2.7342951690484321,-2.9553355232913252,-3.9785342907264485
-571.3697502063962500,848.9197888375407500,-518.3274779856811800,634.8038960287993900,-1123.0551425628069000,101.9537479385239700,-976.6989648377847300,-82.4598086046456730,-5.2057244291178222,643.6975758219757600,200.5114190072340500,1166.3590667944634000,207.0947181141096700,-133.8230251976920600,171.1688857419847000,-1185.9202128175496000,915.8992672225297200,-1059.8001665595789000,1699.9827699359289000,-933.7308622418371400
0.8627564633564262,0.8977729727810551,1.0293532440383677,1.0077148292960447,1.2017127715196143,1.1077185311723532,1.3944517903129929,1.1592556847055342,1.5945471250588850,1.1702759853058031,1.7941738213922487,1.1912491876286535,1.9845031749928783,1.2547507290661966,2.1646609700747499,1.3431532478470429,2.3493963733085654,1.4215911729664024,2.5402931056453726,1.4829360620965979
2.3127287696822898,2.8964051261573163,2.6866551314398226,1.1419861189902942,3.0046197074536765,-1.5850075779404440,2.2066720874634917,-4.7094298764029112,0.4331706750082152,-5.3050791680113871,-1.5900020481317210,-1.0080565114283737,-4.7163431521356864,5.1414882174712986,-6.0152349919884172,6.6703978528301162,-3.7128003880809040,1.2119021373052630,-1.1581685249915905,-6.0906949454111121
-1142.4622380946707000,1788.4884918621819000,740.1661713283815500,-875.8176528491200100,1323.9627168499646000,-1896.8295808547484000,707.8869451169944100,-850.5069377280139000,184.0839768250342600,565.1662390809734700,-351.8515036500261300,1213.7616077872544000,-705.0577588459549400,939.3849016092681300,-372.9719029473788500,236.6283637187842700,-152.6865078000271000,-387.4665921308004500,-231.0698987823171500,-732.8088404957804900
7.7885361527399928,-5.7844039608960349,7.9670649132702822,-5.6935892250610287,8.1270689003923398,-5.5729047755795209,8.2740229226063260,-5.4366461890567601,8.4382627444878491,-5.3222465001283794,8.6224298897681955,-5.2441216347884554,8.8059903841474956,-5.1656246660920502,8.9676529766417286,-5.0490972051281027,9.1066363175076646,-4.9060367409398884,9.2517507630338383,-4.7689017231234345
0.8099105082414663,-7.3683705190307807,-1.6884740440503547,-1.3837197125221306,-5.9327908384770760,5.6323407463500956,-5.9185947726995547,6.9637366725927592,-0.1022428225817968,0.8934500545951328,4.8571070587173013,-6.6122325767786974,6.3706025212188884,-6.3466982728694115,3.8664787845815245,-0.3248739140367165,1.0460149273378876,4.1172924455471342,0.4330004304419843,5.8149689222838292
536.1966679447366500,-796.7778260744798900,-716.1771278280671100,1274.8029650136609000,-813.9737163614472600,631.2016698095903800,509.9432588818818300,-1035.1672192586420000,506.9162108864350700,-1610.6527400949619000,-423.5653193170827000,-304.2460708169193100,-710.0434687947913500,1009.0490157559525000,-372.9951591321847700,758.2004298693643700,574.4765147479265600,61.4623247989899260,909.2221389725930300,12.1274509974448390
20.5872270192243430,-6.2519733783473352,20.4939700014887370,-6.0751047683378587,20.4046877343866310,-5.8962454443091161,20.2849584786408030,-5.7360433298068418,20.1361324322877910,-5.6017854047274112,19.9884276078867700,-5.4659421862267443,19.8690036212697830,-5.3046415154768836,19.7721388015689570,-5.1287941456299118,19.6644214626899300,-4.9594709139349273,19.5360769678856020,-4.8055212570682970
-3.6550807455842107,2.0590247637123178,-1.5228921908532693,2.6193583421382711,-1.0945000531262072,1.9192001096178148,-2.8617367681342771,-0.6480234014673015,-3.4855351833210890,-2.8574232113065330,-0.8112608278414809,-1.2252340569590603,4.1136543063690940,1.7228469920402143,5.7585862339251630,2.2123836421222109,2.3120621025555312,-0.1717266320034339,-1.0797511625397613,-3.0571053844408627
848.6239598923050400,706.9507026024790500,-416.5243321476586400,-23.6596240047890380,-1175.2102379082119000,-458.4424842208658200,-843.5436118586339900,-420.3940568750946300,-31.5105612057027860,179.0384478149378000,740.8140945073424700,731.0499516526513200,882.7292889208142700,461.8321557564065100,79.6018413943217380,-153.6286856536922300,-307.0057570004993900,-613.7532287755400400,222.0253154059219000,-408.9931782964928900
-7.5593392245853925,2.5214945167515399,-7.3714591780713965,2.5894749719591528,-7.1931797229773782,2.6793632514073775,-7.0116338132179123,2.7620277132779116,-6.8178987045950121,2.8094331850882082,-6.6200437277573601,2.8351380657296406,-6.4259468895811462,2.8811548407048582,-6.2434903759895555,2.9619517074234665,-6.0642290765193376,3.0500128972712672,-5.8755158359492503,3.1157976880287137
0.7896449665902349,-0.7951933571175923,-0.1590405296917486,1.7104866250597155,-1.1197175826755243,3.4140867518446645,-0.3681879296096796,1.4548864525321616,0.4871417442992669,-2.5061753168953698,0.4913774113693805,-3.6661804127819804,-0.2496282141969238,-1.0619695328284136,-1.2692418769480740,1.0234638321924880,-0.6707389898360898,-0.3322183776524016,0.3343483952900659,-3.2562968212644581
-246.4978310802231900,220.6190753611468000,-241.1884743570253700,151.0299533603034400,4.9829203567921070,-332.8196417018871200,184.7728961876039500,-687.7657536401261500,41.7470299147096850,-363.0801504530316500,-50.0914311469335020,395.1684415886451200,-136.5066316973691600,688.0639582726314500,14.3957367090449110,286.0569435188683700,241.6388858745862600,-185.3177423908527400,186.7468992388143100,-171.9550839156967500
-10.1074282297593410,9.5477228318226910,-9.9451234057634537,9.6684174280759141,-9.7814525187258816,9.7891813579042761,-9.6431483865590337,9.9397016977541686,-9.5379265369987873,10.1158786304229430,-9.4347819670488793,10.2931194448629600,-9.3025867483261351,10.4487751203623540,-9.1474555283565540,10.5800211045559540,-8.9934090135285452,10.7109922756595480,-8.8534565572868633,10.8555136674517550
-3.2252621631717897,5.1110827090270332,2.5338658687169615,-2.3291821974221905,4.1780547098307013,-4.4779872191067440,0.8451121197483495,-1.0116201349227685,-3.2883091944423524,2.0512257660479922,-2.9596144902806052,2.3948697982281177,0.3100969912582307,0.1452249610732280,2.1062573754531200,-1.5203006211341978,1.4163506525080292,-0.4157450025119523,0.7308659071720596,0.3824078383015722
2752.3757306202901000,190.1167697003959300,567.8226040589700000,1477.6966174991862000,-777.0983272782726800,2201.3310418320089000,-876.4238434458607100,1210.8410598253081000,-8.9989714184989964,-275.2115293653801000,520.7239127874574900,-1195.6830230402215000,234.9423900008810600,-1518.6387103667803000,-285.7132323257313300,-1227.0602668412516000,-816.8435158940365000,-675.1890388784534000,-1310.7867471051984000,-188.2029203648115800
-8.0679155812027687,2.8820389634957904,-7.9622608026944377,2.7120283985185076,-7.8735140199078719,2.5324712818992188,-7.8097048635390083,2.3424983861001460,-7.7416416140289392,2.1539500275777486,-7.6438661740125395,1.9789396171374647,-7.5302150446854590,1.8138325410497402,-7.4330495187591277,1.6386412177103435,-7.3639907674546796,1.4507060843373876,-7.2964995233011534,1.2623016593959353
1.7668582201438674,0.8838528695642680,0.4837624632542566,0.0754949012089947,-2.9392619289986079,-1.6627884362708774,-4.2496302281707194,-2.0960521228563631,-0.9998544902027839,-0.9189549418937575,3.1837417674344031,1.3930853252134978,3.9425444094787392,1.9666397340645556,1.1393149845553048,0.4419596435510624,-1.3958087192810122,-0.4709631128052356,-0.4835364302155707,-0.1251640121118426
265.3459140897339200,-15.5947551294971300,-186.9407446282446000,-274.3700585373341000,-324.3649677286571200,-238.0501328879507800,119.6278571364510000,-37.7702211066536650,516.1325605956075200,198.2763091973867200,295.0083010642401900,253.3231797783141700,-217.0850546549849300,-44.0624933771747320,-506.8184918588515300,-120.9415193703025600,-207.8148885521009400,52.0222767069011600,246.9095145368058000,227.1674147263108800
-11.3959848859225300,-5.2189551266793721,-11.3960766814837200,-5.4181085325631857,-11.3869639653048060,-5.6164801513357157,-11.4096771503371080,-5.8133530877799231,-11.4696201427864610,-6.0024297676307752,-11.5261359700671700,-6.1928381122992056,-11.5432080233400280,-6.3910074378387529,-11.5336689213859670,-6.5901706021047790,-11.5382073643346070,-6.7898357001251277,-11.5686571452106520,-6.9873770039876151
-1.9078359380632428,-3.6965908745428639,-0.1779577524349980,-3.2832709593088194,0.1407748162782471,-2.5277718072784885,-1.7317916833350488,-1.2584461226859933,-3.0023633399185150,0.4398146363501258,-0.7332663822657781,1.0583116388451483,3.2553030368490403,1.7895317841833795,3.9057631503439079,2.6822992663058289,0.9890191483216309,3.3105070650136730,-0.4278549621209254,3.8400762031022393
562.4606929244779400,601.4564840308196400,202.2573780843434000,472.1139621656219000,-764.8957765593863800,218.9169259519095200,-959.6128269228125900,56.5598696362808940,26.4889754852067800,-327.5873598585462800,973.9399298177859200,-565.4764474768946900,745.2921743237705000,-330.9555183851430200,-244.8237465101423700,-183.8863228379016700,-605.1193501575897900,22.7764820919089100,64.0125495143470720,36.0819246819447910
6.7686870610237850,-6.4973418102930163,6.7479014661478827,-6.2988494383803211,6.7557486858887419,-6.0998228455788146,6.7935045324791847,-5.9047692061065300,6.8198540981355071,-5.7084876265000482,6.8057710307952188,-5.5115156515963770,6.7745486058607591,-5.3169868166870211,6.7710290614418263,-5.1201070035867220,6.8021795646017145,-4.9250799937720950,6.8314119933796942,-4.7287900586422085
-4.7424653854067138,-3.6876716109215892,-1.5194110645651120,-2.8963005526546621,7.2941314927768381,-2.3306440599772089,11.5980282532398980,-2.1525882607904192,4.6090716525350128,-0.1664757208672367,-6.2960936613216205,0.2380275051457591,-9.2030351694256698,0.5119978553069750,-3.2525184945994616,1.1531784412556034,2.9342000267923249,0.5530932238147871,4.3082645083455855,0.4967565090779265
-571.1750821275605900,-647.5434624924306500,427.4082042978403100,-510.8816139379709400,737.3051224772766500,-781.1594735951231300,5.3133712384235778,-598.5537541533705100,-748.0937289540039500,-463.1391661576443000,-596.7989044140035700,-584.7065568244609000,270.4836596673687300,131.9395449236019700,645.3445600099182700,675.1853542056458100,38.3140202888244520,1176.7414792908094000,-208.1012224840840200,1602.1176487409434000
-0.4609431775913863,-0.9974185992324128,-0.3422589232870960,-1.1590356000765449,-0.2418189751362447,-1.3329975875659539,-0.1640714917380528,-1.5185370772690754,-0.0790971426617484,-1.7010728406002433,0.0342146491807352,-1.8675566223598397,0.1591567516714773,-2.0253540573028315,0.2648058756830973,-2.1963554366943359,0.3424480844777518,-2.3814261208016525,0.4203102334921525,-2.5660756694122346
2.3683573205092694,1.9945838333459793,-0.1621500723038040,0.0522699409168511,-4.1194493569052097,-2.3598901490890252,-4.8057158747960189,-2.6704845751641728,-0.6620413743094463,-0.7638498895391026,3.6519014308367388,2.1694013625354929,4.0146585537261945,2.5958907907697135,0.6701195747961714,0.6425843347714852,-2.3111898666225832,-0.5183787113718548,-1.8341596552067363,-0.2445438485733771
494.0767550815447700,-208.1858933894189100,-136.4420706812902600,-581.8611536714036000,-278.7438253804634800,-465.0352632105770000,273.0327232884437800,-117.3823716071530800,630.9305134279097700,275.1881969247004300,268.2707539265389300,349.4262322048542200,-362.4881123469137400,7.4765834008367165,-743.5724992370886600,-39.4986221284520980,-388.0655228784035000,239.4934466986189800,243.0012847997224100,540.3788447779943500
3.6027879069431012,8.3791668491616687,3.6461976015516933,8.1841210184846673,3.6594461341784830,7.9849082256554684,3.6455079555818966,7.7858446686464582,3.6468281809661578,7.5864584119582563,3.6867514711988019,7.3911539289158803,3.7372003730112322,7.1983338224065054,3.7573138728500957,7.0000886942962346,3.7460465602942312,6.8009659710854606,3.7405842841345023,6.6013770029453731
5.5143455521285745,4.1688899650827054,1.8082192094447855,3.0905745026664069,-4.6134635474026204,2.1592831168864151,-6.6555307812511222,1.6844305650810987,-1.2595538730508686,0.8620454065790089,5.7500417406433364,1.1467000657295690,6.9422318827699323,0.3247479583356719,2.4233011442816430,-1.2097736196057520,-1.5390320734623799,-1.8482176538700683,-1.8548542947775293,-2.3435768205689760
650.4471073290441200,411.9087208773829600,-778.3617365284771900,112.1643431292392000,-854.8908481418941400,277.6972091908909300,344.2015147196532300,195.3737478228422900,1021.1048720149699000,244.2898888667108400,315.2361383045869200,233.8770393127086900,-582.3473852315461300,-181.3612989524520700,-575.0172774533796200,-289.0260504412182700,108.8564336214581700,-432.8546852054703900,350.7711813655853300,-572.0689146006341200
5.7200065773230104,-0.6258751405094836,5.8679732248020082,-0.7588519900355328,6.0229283179002140,-0.8818345606926148,6.2018817549273706,-0.9640981558343509,6.3914916964552893,-1.0182482530042973,6.5746693264124731,-1.0927201008511138,6.7380813501447188,-1.2054790637363531,6.8940878680539228,-1.3300357626408770,7.0627432276176201,-1.4381814006849434,7.2384628779330074,-1.5346512973347866
-1.6430252241315559,-8.7715260464577778,3.2255477232735128,-2.8990494766262707,6.0217207098100838,2.0295758299701738,5.3162049182656173,4.6178683830430156,2.7134094469661747,3.5323358968390433,-1.5910825912642197,-1.6026134906071032,-6.4083442059815825,-5.8576295167434811,-6.6160288726173482,-4.5088400747772610,-2.9373180732216757,1.9814480430322836,0.2921197661634379,8.1138455586033871
-1327.4239828477062000,-331.2122755116228100,-623.6871161681589200,506.4132643181968100,242.7710149826812100,1200.8226656905431000,595.1674371189935800,885.1703743788916700,640.7997541052379800,-343.5095482350756100,171.5596131159459200,-1507.3645066778508000,-58.1716443420626770,-1365.6208040209290000,506.4867444985059100,-166.4904410251674600,331.6754007822279400,727.6192142263437300,-479.1772212456647800,394.1720568566705700
-10.0486692233369140,1.1568503591518076,-9.9444307903095535,1.3276721050288545,-9.8193487412442266,1.4839660087787763,-9.6832959768018068,1.6308122749561940,-9.5626807412450390,1.7905787463004950,-9.4671834422589587,1.9665191240819864,-9.3705567703555523,2.1417518431271518,-9.2459396805796370,2.2982201245350597,-9.1028282431872434,2.4379731161425426,-8.9684195547700245,2.5861032935184496
-2.6653963679253629,2.6443084799197525,-0.1020973403546872,1.0598271200782954,2.9536302522690243,-1.4228842351705371,2.8810774426940386,-1.4920762455115792,-0.5069516469980281,0.9796653716825754,-3.5039575100965279,2.5141414726925140,-2.4037046726939670,1.7817500060801186,0.5230777588551078,-0.6232856587540381,1.3308092233021966,-1.5306719046516224,-0.3590760807213094,-0.0271793571595027
106.9165862405872100,83.8850575478938370,190.5017091691528300,-28.3027726550531470,2.9437092642855092,-0.4407897753741610,-260.3656067636591200,226.1830405774010400,-363.0446298628119700,187.4665400527872000,-20.8789042054780330,-75.8202222785827470,382.6392346234991400,-303.2798411569549400,292.2889748579666500,-318.3621065912860200,-55.2526331062864240,27.3751585043485230,-275.7484402172558500,201.2959357748203500
-6.5197039781093755,0.3275537284927021,-6.4753631034104888,0.1330393910952714,-6.4589814695270924,-0.0653660115812017,-6.4767283256401083,-0.2633427884558851,-6.4890193407074852,-0.4614199260003589,-6.4637252570784112,-0.6580290394195856,-6.4190163928773405,-0.8511190356716867,-6.3961136282996822,-1.0481111556337930,-6.4041534453101541,-1.2466656704099077,-6.4105050827847174,-1.4457952169196595
4.2133035992504162,3.6068590863403722,2.5770660593006731,2.9815712870513491,-3.4716226105140073,1.9364196204574871,-7.0295813313369351,1.5055648722649668,-2.8122658645298322,0.3091869261700442,4.8360265339312418,0.0670584317975646,7.1726405623619760,-0.5918859433620237,2.6552427151307456,-2.2214868706807089,-2.6673026957195325,-2.8962499197415781,-4.4488856883252073,-3.3414122408606586
646.1965195320426600,714.9816512361551300,-559.5510932706291700,419.8615142603322900,-872.3747023238141800,511.3627583107335700,-49.7988077742130740,416.3192074309126800,677.9304550753579400,264.0042869375371300,478.6094482737273700,242.2555169429145700,-165.8473561476403700,-251.3211728319795400,-385.7786015468901700,-567.3253597790637700,21.6498857762182020,-771.0151875273769500,208.9642524058409700,-979.1232149801651300
-10.8706149585850550,-4.5022736322232273,-10.7220915795004750,-4.6364145249846054,-10.5910431046330800,-4.7877801848562154,-10.4721473858501690,-4.9488750529271188,-10.3381455275568590,-5.0976281609382239,-10.1820430427353550,-5.2230040414398555,-10.0242405078499650,-5.3461309132995849,-9.8875488825377094,-5.4922212879421419,-9.7705996182217483,-5.6545241713332883,-9.6452201806583986,-5.8103865133804602
2.6361999221062087,1.9834249763960514,0.5215157488215418,-0.3330233114861766,-2.6620942470562525,-3.0539427790404812,-2.9323363552690331,-3.1210577124074423,0.1246164136613689,-0.2630335105596715,2.3613337299051289,2.6516947619362545,1.6668779137845231,1.9505273716236435,-1.0920884566311357,-0.5424348903969744,-2.2065643906382344,-1.2728521277242326,-0.4356115708371721,0.1816878780254736
73.1089927333684950,-135.4872010724494900,-72.6674080401902670,-211.1947259873481400,-32.1072155393683260,-32.8126906480243080,264.1055338009957200,206.9641691580156900,291.8531260490298700,357.4896438620713800,-21.5203778096226760,96.8704212535739520,-333.9971864641051400,-297.8980179957214300,-380.0831501561872900,-251.0530355765049000,-5.7282356514190713,30.8264720007034040,217.0359210775000900,236.2949650056838500
-3.1639106365809284,-7.7814958961675309,-3.1196953582694711,-7.9763280558103791,-3.0926132798068129,-8.1741068714888492,-3.0449583217048271,-8.3677512534112619,-2.9592715699985521,-8.5477972881405933,-2.8618358312498891,-8.7218748265176131,-2.7885530888837757,-8.9074136127444046,-2.7432137584862590,-9.1017526315908128,-2.6935548289402171,-9.2952050275970777,-2.6194640895570318,-9.4808115267741666
1.0746589756407123,-0.2902984198005628,-1.0074699360220485,-0.7431218587378264,-1.0609186519774709,-0.6976668793144982,1.9881004487691469,0.0906658336746971,4.1730501754257796,1.1839550930046887,2.5078727318335203,0.3279722127630523,-1.4629887723654758,-1.2188421369418092,-2.9187298660710121,-1.5198929037095077,-0.1843024414297843,-0.8042470723364706,2.7165667097183674,0.3476498699262546
-416.5217981818231000,88.6318752323366400,-268.4114220564376900,137.0333051103255000,313.6189221940518300,199.2914472808361700,668.5413825952152800,303.1059553451305000,346.4044089838753300,153.6526830603190200,-291.6362795064795300,-228.3227831945426400,-603.6950795488511400,-297.5943534452543400,-239.4847981734984000,-226.3012210716627200,221.6755818888245200,-94.1330011717437000,269.5090818051228300,-35.3639071457444350
6.5404577373509873,4.3468744203076417,6.5147771100438820,4.5453367186316145,6.4671884608794183,4.7398006936160364,6.3968786578579371,4.9273134036137760,6.3354944376409739,5.1179626473938660,6.3049671267655718,5.3159235515669527,6.2856594125276590,5.5152564931106589,6.2412187961512080,5.7104440230804725,6.1684320355449689,5.8968654398687574,6.0988363060607433,6.0844453146318811
2.5056455288026256,0.8489376262204981,0.6611428286166790,0.6105508957599162,-2.9594050871734634,-0.2554738290492302,-3.6897460600676308,-0.5660672480298969,-0.1608587469904281,0.5498437822909315,3.9057028481246610,1.1653261705607574,3.7681391054227817,1.0883927656899417,0.1316838088122189,0.2332817688822187,-2.1454547601289429,-0.6825122893657729,-0.9974848082950226,-0.2776398965076456
117.4386492494463700,128.7255648553209500,-248.0939310294002700,60.3167775904450210,-247.5892634722243600,-24.2602779763537480,145.9374567222578200,98.6035172104413110,453.0801747175266300,116.0764141477456700,220.1488695805210800,-27.1412678590620900,-299.0690373130729500,-92.4892929216856170,-424.8207497397068000,-198.9835629279068600,-44.1091475248983040,-95.1176683235532040,327.0769788095500400,34.2697962046085680
-0.2307734304951944,-3.9203143411510646,-0.0342782088447679,-3.9589051552109451,0.1655382145210048,-3.9742767266336139,0.3659973174846211,-3.9718527545093605,0.5659675278399117,-3.9863222503279512,0.7608606715780641,-4.0333921669698993,0.9540668624724539,-4.0866611366410108,1.1528424214837223,-4.1111540164994436,1.3530075873553800,-4.1080656596392187,1.5530613716552382,-4.1127287088978974
-0.2664103683853252,-4.2308054126678032,0.3616453715839674,-0.9571015002017344,0.6732077059672063,3.4537897977314280,0.5433388001432856,3.8276874989364802,0.1226772331126637,-0.5334299071813989,-0.9552823483336950,-4.5224746000603160,-0.9195205133762192,-3.7861172148474269,-0.5237471978354066,0.2583160393189428,-0.6407252349344990,2.3164165256633420,-0.7293902552635614,0.5484166657862389
253.7542670966984100,-32.7075360803775510,223.4056516505288200,206.6674584742428100,75.7087229030210270,109.8649650558407400,35.6483427116762430,-314.1416895992580300,-104.8309105003224300,-511.5506311441186000,-139.4841900454684700,-129.1256233075163200,-9.2725181360956270,429.4476867113186800,-87.4054904638735200,538.1756129158014800,-112.1676452341439000,59.1998820790918430,-135.3562299820205500,-355.8301251050249900
-14.3380346285724830,-8.4123126979042286,-14.1381059566399650,-8.4268841983420177,-13.9389925590164520,-8.4524492391926973,-13.7379379058424020,-8.4514196261839274,-13.5406640002291460,-8.4103099771047116,-13.3455048508245890,-8.3597284356690533,-13.1452051614036720,-8.3385789589660675,-12.9442471894987730,-8.3480792403198745,-12.7434386753091950,-8.3518686794926413,-12.5445156575049220,-8.3269990054442378
4.1555046676113818,2.9223247087397857,3.2819197772025124,-1.2070122145512800,2.0401775966807154,-3.5518745175475566,0.9344682091069906,-0.9564068717754214,-0.9711224398885344,3.3908641183905641,-1.9085771135200116,3.6254921325062486,-2.0336254964545413,-0.8524144715105237,-2.5722117430044342,-4.1838161122784845,-2.7771990576464800,-2.3426688566283165,-3.3037298145983298,1.0635072663737950
694.1939500239789100,-1236.4983257997308000,591.2339277688497500,546.4353138925826000,462.6707268325834500,1275.4261226978106000,163.0629461773353600,776.0175068061930700,-61.4690212851724520,-134.1182185198306300,-105.6248379713772700,-829.0504824714825000,-337.5457644440350000,-814.6939476315285400,-439.3461629371345200,-13.0877820410295520,-475.0255392676327800,488.8747246967992600,-492.1502248973953900,-59.3049116297838240
5.2724169595430244,-15.3526420423969460,5.1602195691392723,-15.5191225372816510,5.0727333019588183,-15.7002149381440470,4.9889322285801798,-15.8832903886811340,4.8728585330662515,-16.0481359950917870,4.7284268093083801,-16.1894044558837250,4.5905749004336140,-16.3370924755512630,4.4889129365585561,-16.5112911856380220,4.4133827131250536,-16.6980253552083760,4.3267563995903231,-16.8792965578250640
-5.0738349166751577,6.5992946642535610,2.4058045131916383,0.9163528101242231,8.0060691594839835,-2.4470305379276853,5.4875393543588089,-1.9669259617407193,-1.3405270700002261,1.6685227877072759,-4.9089843213529845,3.8544375221143459,-3.8058329800085504,1.4112795210542299,-0.4956990161902768,-1.6914865051644528,0.8621935544974432,-3.0933792869772234,0.5668017054240975,-3.4950771375271610
-547.0603725543334100,-304.7479543614820200,769.7793020188178200,-803.7434228095951300,301.6521009408346600,-341.1505356841263400,-1360.3060850357513000,450.0453261155141700,-1433.6728761358463000,930.1996581505504800,89.5742892310663020,-137.9091908238579000,1393.4244053146899000,-931.6082410092734600,1180.9053445047830000,-307.7729939648512000,55.3481576474551100,498.4217822059440600,-449.6442659317143600,948.2655721811773900
-2.2165221958440431,3.8794849808069798,-2.2606464211726776,3.6837103827989828,-2.3397521464195559,3.4989396954474334,-2.4326267023275769,3.3208113767586029,-2.4927204986828961,3.1296022894617468,-2.5105660236436282,2.9302485137983907,-2.5337190001776344,2.7322575709785277,-2.6038419985476082,2.5463008120446542,-2.7050113841895533,2.3750116640640853,-2.7965071743255732,2.1979591614968794
10.2497194284056120,1.3280629468025105,2.0700769887701993,2.3429346936579281,-8.0561808573121283,5.2479980032722926,-10.3589304261132010,4.9850481458600342,-1.4921754138053429,0.4130410956826267,9.0926941847783471,-2.6650195819958582,9.2088364973275851,-4.5507088382794407,1.5201254240742763,-3.6779001745216209,-3.8570650330415424,-2.3194518254493821,-5.4277384360039660,-2.5520200293638786
853.4374111808518800,-553.0082528601939200,-1683.4277104895502000,290.2087372812104600,-786.6669928291245200,699.5680108224377100,1470.8715904147043000,-181.4177519249102500,1891.2921462139127000,223.4049716168898400,185.7097804432598600,891.1038541043999400,-1207.2203006366103000,631.8185084203536200,-869.4310960501757100,179.5451781103247400,92.0703585304613060,-872.8612670041063700,53.3648132222695040,-1308.3619885664059000
-15.2715693103040080,6.5353117664310769,-15.0921265097068280,6.6256598186392504,-14.9131131131551290,6.7178884876994562,-14.7191674408845420,6.7741284559197847,-14.5170167149375920,6.7875222026405098,-14.3146597024664730,6.7968622815607658,-14.1178608918545940,6.8423992763685471,-13.9326668038136430,6.9215489095768241,-13.7481274954144940,7.0011323107014212,-13.5568442760049450,7.0613803281781991
3.0813512286928981,-0.7142085621708922,0.6380045779924372,3.3375008830869568,-0.2236017240405599,3.6761907466380421,0.4064667841656323,-0.7039704110347737,0.0542209229406401,-4.4354247471626707,-0.6427465329417573,-2.3092271496867465,-2.4607604886152412,3.6095269917214123,-3.9284493887313321,6.2229217327927238,-2.4765666124390147,2.4474061544321493,-0.6620399210850825,-3.3423963792300366
298.9735493735091700,2020.2248701890712000,1067.9722049405564000,-424.6004823561954100,1309.5815216626379000,-1684.0703273156075000,531.4420246440241700,-1116.2869806027759000,-157.4500765256825900,174.7823396676435000,-575.5518654261147700,875.6873550593568300,-941.5647188713475100,851.7235749879432700,-816.5046831472420800,477.5372730732983700,-459.7324786143742000,-201.0851906110950700,-257.1654780359664300,-973.9124320916374700
1.5360686303046049,-0.6117670400262015,1.3903505154060711,-0.4742519135217258,1.2664295910842676,-0.3164161029998445,1.1731464336002251,-0.1380758157208288,1.0772490871859393,0.0395164498710189,0.9512359415057149,0.1976378389798684,0.8092174397974613,0.3418574712572676,0.6802680369600767,0.4977031843147454,0.5738906828433352,0.6691815376346739,0.4663111455475552,0.8390688559571754
-0.5705133786080721,-5.5527112063733517,1.1256386338971638,-3.2582884190188106,5.2579251158502665,0.8548655008537199,6.7726853594280358,2.6478915803705676,2.2335470872660799,1.4425188755969038,-3.4028884939462576,-1.4237682519015997,-5.2691857729850566,-1.5921938272652005,-3.3232486689322966,1.3923557922652934,-0.5152764798383660,4.0811465533165672,0.2653896123653459,5.1163638381094865
-863.7890074096949300,-633.7643089547195800,432.1360478778958600,798.9787263705516100,926.6030393887464200,1079.4765267854555000,-196.3533604169470800,437.6293774020080000,-1259.9877948488415000,-315.9639077741936700,-766.7712442349834400,-403.3030326193916200,235.8066774029188100,175.5306239733645300,693.1129975847050000,90.8671902086142320,465.5198966378395700,-465.3754859289562700,333.7227480183628400,-764.0757094627326800
3.3292135323478660,7.9518526774660137,3.2544781803197003,8.1383233277720972,3.2077555227922008,8.3343298730418525,3.1714696467597006,8.5330744681702555,3.1071346177986650,8.7249964203897825,3.0099663151239904,8.9028970266694127,2.9124821962625722,9.0806475482958184,2.8446767365342538,9.2712784457214017,2.7992073524606158,9.4678373040800796,2.7416913592968353,9.6604754051919564
-3.4859504948987290,-3.5158623888796656,2.4059667087109387,-0.6452268472394455,7.3694140466568152,1.2089941143125520,5.4194827111601160,1.5533604724731940,-0.8000300487089826,0.3468960098926862,-3.8984287364706067,-0.5391166721060556,-2.0199099463705661,1.1037074612888438,1.3152878094116953,2.6981415656811265,1.7756890495021207,3.0056506837233963,-0.2037053760135372,2.5171123790369814
-556.2275423847888800,474.5675582375574800,675.9336460838956100,807.7755823408658700,370.6626947088169000,563.0869382795700600,-949.9548404254537700,234.8102414134328100,-1267.8305649758872000,-219.5055583964061700,-307.3066439029704500,-64.8920998308458370,814.9984333857471500,148.9884856745755400,1122.3844743189500000,-183.9574761458437700,431.1655436884546500,-659.1045744223080200,-333.8252004967635600,-1101.7690971505981000
5.2711240237399277,5.2776791970065871,5.2385714941210546,5.4749538798379245,5.1865993143019908,5.6679718514795301,5.1110180715231257,5.8529579527724698,5.0414827660976087,6.0402485399456678,5.0028902953220840,6.2362274567126796,4.9806217822067085,6.4347114950582709,4.9389846294258994,6.6300692884878654,4.8712099499443688,6.8180267829253047,4.8061465947814384,7.0070326770869071
0.5907588865218539,1.5656637269370866,-0.8170642862779390,1.1875875943870777,-3.9622844062232918,0.1005330258251954,-4.4651048390337316,-0.5032459917371284,-0.7854807474634860,0.4265951445348130,3.8353274622758367,0.9242457061045212,4.4736030718646056,0.5579973781066203,1.3342455343110657,-0.4613115168606346,-0.5683106516078432,-1.4083571984607881,1.2972335138267979,-0.9092004737833865
71.1436464983047900,28.5780161531658660,-103.4905759485916500,-12.5952119300837320,-201.1872840490256100,-93.6456567399872170,-13.2139356584857260,-7.2109184381651010,307.7641292452357800,72.5242349362472680,296.1106437184214400,-1.5115747501679238,-97.8180035514007360,-10.0972879252821850,-296.4692838800640400,-66.3798336028041260,-79.2504470832558210,12.8129838971904460,116.4111107088601100,77.5252483998866920
-0.5452656707601079,12.3274127754993350,-0.5996171828701478,12.1340278608020090,-0.6485878397191233,11.9387279134449290,-0.7304337550648817,11.7542753365628310,-0.8506727872900011,11.5915659390748740,-0.9780259794251107,11.4343356781122890,-1.0791357563631441,11.2595751937431760,-1.1507795289623965,11.0713394361030770,-1.2241121319544392,10.8841937963353490,-1.3185877322336828,10.7072632927504760
-2.4010021293958954,-0.8978347625604941,2.1222231889091923,-1.8719398302550916,2.9417341571193467,-1.5484431416122117,-1.0344670951407644,0.7816633806206569,-4.1774197321503044,3.7206974444461101,-2.7456870772928177,3.2152591762216232,2.3692618092522322,0.6645767303769656,5.2678196139116089,-0.1781510429454855,1.9116370410609966,1.2560226506488463,-3.1598178434800017,3.9437366071623718
1070.8664472658315000,-1429.5482152317581000,-766.0218706149439600,-525.7964186919696200,-1742.9880569424413000,55.6339552003621520,-1119.3224132229157000,342.2081524516550000,55.2710618895651460,125.5014230185709000,842.0418245960582900,-126.8262662389987600,1119.3074499071017000,52.5525038989893010,713.4920524939809600,260.6905424368076800,69.0043354267573790,493.1869531742665300,-241.6508307989954600,752.3973699820749100
-1.8163187159282466,-4.4762242078700849,-1.9785701159245195,-4.3593927735547293,-2.1486247815027082,-4.2543698589616197,-2.3058750260616954,-4.1311115455064442,-2.4410097221814313,-3.9839239755002702,-2.5754667900316179,-3.8360950558139382,-2.7316254414805106,-3.7114490471807198,-2.9013350989519466,-3.6059209536263328,-3.0643282933419833,-3.4901800015347857,-3.2111850827564212,-3.3544957403219273
0.4447819146101148,1.2727605890115807,-1.2668239560948646,-1.0568298796989157,-1.2090272966216549,-0.9450885988499271,0.7746708668488307,1.6607923519185759,2.1431254861739184,2.9701921085134506,0.2657271203539390,1.3146228648315947,-2.3892401999133268,-1.8968280028110109,-2.9036327941172653,-2.6614089787407651,-1.2631970094652285,-0.2831861164536202,0.3426388610209877,1.4924241510471812
-85.7210815452946520,-215.8643598354304300,0.8115446612529738,-159.1039768616715300,222.8945078027468300,223.3325166817391500,361.5317785410337600,349.3227074928053100,84.8438572276360500,94.0529521266860090,-296.2541147742294400,-253.6971804701556700,-292.8240270242590700,-346.2454665927683700,-108.2742048620773400,-21.5988701040132800,77.1596998046224480,202.5073235196698200,35.8320401685684470,127.2943540431403700
2.3536586288269747,-2.4241155106391399,2.1658827720089260,-2.4907424138401963,1.9722150706129855,-2.5346885815465048,1.7746224224925702,-2.5439923418890507,1.5776544831319592,-2.5525402665047063,1.3858771224340309,-2.5957108210485509,1.2007712939494963,-2.6609134804354255,1.0096274743641942,-2.7059961117659439,0.8127330914162262,-2.7161639145116632,0.6145985190432598,-2.7237004219151060
4.1662739291511759,-6.8264667077901251,2.5605745404145916,-3.4078759695681424,-0.3027072207768851,5.5984429908446360,-1.3931068881528577,10.8735505715777750,-1.8420565299451026,4.7041916950612599,-0.1574694174944817,-5.7940531486086373,0.9065385986745679,-9.0599469417872420,-0.2173691220622465,-3.4599729163920849,-0.3407292561435491,3.2734434222217406,-0.1449912447392353,4.6952752826219806
959.8345625726518600,-125.5777976518917900,825.1268300824366400,-39.1645406475833510,790.8787722541069300,755.7445992192560900,591.0489898950545500,791.8524676951008100,371.5401853870312200,-332.6534863809051800,473.0147458921212000,-831.2143580775258400,-336.2720392864064300,-129.9909116390359400,-967.1830493467497300,475.6163138083619500,-1211.5056286987713000,-10.3129344959886140,-1496.4833687514749000,-554.2993518297885200
0.7297076816626611,-6.2126588884780256,0.9225459456107655,-6.1636365993394264,1.1156730040221934,-6.1190329190928603,1.3131641844026714,-6.1128682657137752,1.5096862229926367,-6.1329934980266856,1.7073571137420518,-6.1317364260191294,1.9006793224571783,-6.0887856264701892,2.0919164327581501,-6.0349624412598253,2.2889146440039916,-6.0054990457353892,2.4881621523615474,-5.9939453548953079
1.4499217362544603,3.8518618734854462,1.7061699613516956,2.0537474851241253,2.4209001841799456,-2.4577211365902341,1.9988502496165093,-6.4673440739347923,1.3083395967312546,-5.1370290499023064,0.3984793344981648,1.4144042932196019,-1.6240099856975203,6.3439399547893389,-2.0506295749664756,4.5347024802391536,-1.8940072505750882,-0.8663526815605986,-2.1900386737212978,-2.9251230886575734
-960.1520449696284900,224.5231821270890300,-808.3913453407207000,243.2556452427301400,-369.7329420469925500,-740.1818230629539800,-67.0829708584132050,-1051.8730926276346000,379.8778095401888800,135.5696119999051100,394.8030361773949700,1211.6376312238378000,375.2053668604544300,738.4017982081483100,570.7418482335166300,-367.3108801880298400,331.2797282019386700,-610.2633924029419200,153.4515142022613400,216.2413194798499800
10.1570625700620580,-2.7122503954495967,10.1631676823024770,-2.9110417223592635,10.1764258745945300,-3.1085804680799272,10.2329879812029670,-3.2975291044239197,10.3195578816708090,-3.4748843903643571,10.3901246924755350,-3.6595975375341396,10.4217483201703360,-3.8553425536055990,10.4433836447083160,-4.0532160580899586,10.4913521592146280,-4.2469616764741343,10.5579348377564700,-4.4354204156394630
-3.9585667126184569,-2.6994619561507052,-0.9079749655635713,-2.3417298375957940,3.7438675881672183,-1.5653597235683627,6.8347700944976983,0.1852027767891090,4.9961091503414030,0.4775954245241033,-1.9067286015836107,-1.0448087381067244,-8.0164743763020905,-1.0533639792911680,-6.6806484644322435,-0.0033041837353089,-0.5879961596031458,2.1157777743301227,2.9671250067413268,3.7672387630265458
-772.0204031382832000,880.2910579672129600,-466.4398316987612800,764.9380694097590100,724.8891926420379800,625.4397743391579100,1140.0694075343367000,374.4754470553449400,131.0612241810162900,-538.5195102787664600,-1117.4011448461110000,-1042.2516336864021000,-774.5872218595131900,-781.7225066903961300,632.7776408956880200,-409.1144151613057100,860.2573991188248800,119.7395939041628900,-358.6062628292349900,6.7241231412326812
-1.3008431899477964,-13.4270400980771960,-1.5030600754245629,-13.4382318615699620,-1.7046667437973693,-13.4664454907018170,-1.9088231912846967,-13.4718337762078730,-2.1095602075002460,-13.4315163074875720,-2.3057084199071154,-13.3724493534005850,-2.5072749684810010,-13.3394574849261250,-2.7103632118633683,-13.3479580158251490,-2.9113831137143280,-13.3713825371566810,-3.1125862361068561,-13.3798660480237540
2.3869819147821003,7.9667518080749318,1.8937750164992553,-6.2380555999203509,1.4240906609886894,-11.1938232551584790,-0.1180993002120719,-4.1387725340512738,0.0960076728102918,4.3904014608128268,-0.6443576669259828,5.4999051368185254,-2.0495274220621065,1.2665798322357846,-2.2890688825432419,-1.3477345382315291,-2.5127727615346367,-0.1987262752675209,-2.5354862647129646,0.5878511513020208
-2055.0237922284996000,-369.6987087239160700,-935.4884810689250100,-930.2110212795320200,-740.0298492463962200,643.5821004262912800,-342.8217587652255800,2083.0941015367025000,181.6020453411183000,1206.7386691947374000,91.7848091933669820,-596.5508737745532200,447.1073287050977600,-1727.1118398048429000,917.9164730825300500,-1492.3522482393689000,1132.7152323151890000,-166.6559867547146600,1302.2379926717445000,1349.1658074191957000
5.8827978637875162,-8.4725938011520689,5.8950858202239242,-8.6732252819391693,5.8971896604853526,-8.8747637958615506,5.9269576347626787,-9.0745676517113001,5.9966926654963881,-9.2646495272306151,6.0752314583894158,-9.4511683470756562,6.1224214791935019,-9.6474396245866707,6.1316191447219248,-9.8485716234961789,6.1361631210328991,-10.0494475822212210,6.1632051266924508,-10.2481325990343470
3.2955847747082299,-1.2536467691690909,-2.2972474649473948,-1.4884521807839586,-4.0558805518733365,-1.2384532117553657,0.2820044985707125,-0.3579803788629826,4.9075239930328136,1.5321421106088002,4.1352920905756045,1.5010777700674562,-1.4858747183601095,0.3571956359339327,-5.2495050638981473,0.3563281148432528,-2.4602672123974401,0.5479204731147872,2.8693473962918752,1.2908777704836489
-1167.4611756278323000,-1198.4757825537481000,512.9842839192185700,-680.8068555126167200,1602.0651734514788000,-342.2499215156859700,1133.7319356223379000,57.6682622568113170,-130.3044774792055000,149.3306531156772200,-934.3889396439663000,101.5832480823237300,-1067.3065009900979000,373.5888506792659900,-625.9333655895586600,481.6922365499203800,86.4106401028314650,462.5815243529620500,590.2024262347946400,595.0877845450900200
0.6845563924622166,7.0942793884846491,0.6207790712571863,7.2847094902198970,0.5250970459294382,7.4616979003953929,0.4204717700272491,7.6336564026749327,0.3503601544886523,7.8222428379078792,0.3204117696086434,8.0213559980787323,0.2812012552812732,8.2184159971181572,0.1945040653774191,8.3991529204446671,0.0793798254343206,8.5632501699198222,-0.0255803793529216,8.7338288619741800
8.1592531995061712,0.5195227333590187,-1.1497094471052423,-1.9237006784107471,-8.9777271213883569,-5.2044642209149288,-8.7617225889407919,-4.0808005229282394,-0.7329936562506993,0.3591888792551586,6.6766815474902721,3.2125619922788418,5.6302762177159353,4.7518372166680942,-0.4189664750878258,3.8217013143394234,-4.3900900535583256,2.8600692588362482,-5.8772184548121258,3.0329707668632193
631.4044967106278800,832.1915609273819400,-1824.3097332756593000,-391.5085820861203300,-727.4044476966762400,-459.1252941761899800,1676.9387364967711000,725.5317491942574900,2094.6239059112850000,319.0966889305275300,-212.1411322907607100,-530.2293967989993500,-1709.6313380250383000,-815.3724761347189100,-809.2630844849285300,-510.5121683635427400,383.1263345555580600,329.8476995231289900,496.6562620988217400,500.0802189842755800
8.3318198863251922,7.7697251966940550,8.2643194022467075,7.9588614221266187,8.2267219685406818,8.1564988218818097,8.1942668445399391,8.3552085238830358,8.1231044545705071,8.5437055582271828,8.0155401178101684,8.7145431138103113,7.9162586877471552,8.8901589148501614,7.8614514202911501,9.0838996233323162,7.8368594693447822,9.2835754019826275,7.8000092810677826,9.4809200992783911
-6.7859414908139843,-4.7994101738127091,2.4734058747234724,-0.8843185089808261,9.4301624948443248,1.0831682351095349,7.0715109193772046,1.3620707226093147,-1.3999986957325825,-0.6165626321304009,-6.9895204539418687,-2.5159663454118339,-6.3792699557971337,-0.5262164238434296,-2.2940145706703303,2.1516977418978205,0.0098949326746134,3.6573431707384052,0.4484757628921633,4.5156867324461887
-719.3222041330306000,395.4906329121832900,1374.8184460090979000,733.2461927260505900,596.2806760224287900,210.4523985147859000,-1744.8990547625503000,-303.9092407703141100,-1866.8778157886750000,-855.7455581794607700,351.5003324798997300,7.9223908766698514,1858.7391631860396000,609.0357605904790700,1124.8922457031808000,57.4773046275971210,-305.5757954691670200,-343.0150314842204600,-669.5559932472238000,-510.9548498137706400
0.7177544338810491,-8.0735031256861340,0.5183888516563754,-8.0578526106316861,0.3187149402683151,-8.0472773899559193,0.1224678783269573,-8.0089883178852421,-0.0677291495104580,-7.9472384434373673,-0.2616718190375998,-7.8986562748841784,-0.4611972434414166,-7.8861209774619025,-0.6611533012345819,-7.8886802605143345,-0.8603840877629045,-7.8711369502601105,-1.0565287173776055,-7.8320621082736475
-0.0766479066898040,-2.4064424586870983,-0.2547889184503749,-4.2455905992276826,-0.2083083578804170,-2.3850741703227425,0.4499165290137020,1.5601448613074507,0.7044608909803040,2.6182985822438689,-0.2366535843193890,-0.6877330154142014,-0.6034204137117601,-4.4347124611561330,-0.6985107413425882,-3.9800455024072257,-0.4654362933181342,-0.2512320547936848,-0.0793411141327947,1.9342629429608011
9.0142344120385829,-242.3003566813923400,43.6927924842881620,6.3961946048685991,68.6692106477270130,423.1049323488417700,128.0037455721378000,383.3157210299738700,-39.8627000520219780,-115.2416439203184100,-108.1245728109984600,-519.8610877871275300,-42.0236590350762210,-354.8929631637823300,-61.2479733044265020,103.3441394916039300,10.0577688713460520,261.3669074905741400,-8.1788467850144659,54.7681565867581380
