6.887288,-1.062318
-0.684644,7.200392
-1.438144,6.440340
1.326118,2.154315
-1.784989,6.408296
-5.183981,9.332349
-5.018755,6.068055
-3.022228,0.335362
-1.951374,-2.607937
-4.915303,1.574387
-6.571543,5.139380
-1.095594,-0.852478
-0.876436,0.951913
1.000875,4.756701
0.572324,5.062678
1.548377,3.636518
5.079581,3.534448
7.157874,-0.948969
8.437557,1.162477
11.943456,-6.608994
15.609099,-4.823822
3.949604,-6.556103
-17.015926,-12.732274
-5.294533,3.354241
-0.712574,11.848958
5.393571,14.034761
8.903728,11.600666
9.108017,10.094749
13.776709,8.380760
-2.184100,6.752264
-0.879058,5.655641
-7.135746,4.175006
-11.999155,0.963599
-9.416120,4.823329
-5.328870,3.947643
4.717982,4.949145
6.221673,-1.769740
4.117761,-7.936923
0.696797,-9.859588
10.525571,5.227733
-10.864367,-5.900801
-8.333904,-0.381732
-5.951661,2.113729
-0.740751,6.112666
4.983450,9.638954
0.903948,7.248890
-2.564153,4.687759
-5.910554,-1.923135
-7.806621,-6.156783
-4.795199,-6.264996
-0.985053,-3.197806
6.781806,2.279091
17.327484,6.061761
14.783553,7.361508
5.769011,9.514056
1.968200,10.646935
-3.510086,11.387727
6.664366,6.935649
4.927862,3.708696
7.872790,-1.258379
-20.867538,-24.298979
3.076374,-4.238214
3.884447,0.524460
3.466287,-1.081079
27.102972,-0.477975
13.861419,0.683357
-3.293999,1.182353
-8.608391,-0.961174
-16.322404,-6.755135
-17.294758,-6.273365
-21.298873,-6.778345
-6.623790,-2.873930
9.918870,-4.800336
17.439135,-7.608327
11.242391,-10.207094
-0.844933,-7.984052
-3.966722,-1.693029
-2.549401,1.872492
2.251513,0.396304
4.727917,-3.565329
-15.302250,-2.431861
-11.098229,-0.652812
13.710244,-1.742701
14.109695,-5.371712
3.510660,-10.796988
1.590367,-6.055623
-1.314460,-3.563268
1.766977,-0.539122
-4.332248,-5.184736
3.470532,-2.661791
10.604163,-5.140389
16.035897,-3.330109
10.587674,-6.185806
-3.375851,-6.804399
-1.358274,-7.256246
-2.214911,-4.336280
-3.593622,-7.570637
-3.026430,-8.167705
-1.317768,-7.962304
19.093513,-1.397041
7.580913,-4.903634
-0.124921,-0.656714
-6.599718,1.894383
-10.768895,3.104128
-11.418348,3.302558
-5.508081,1.387950
-0.164315,-0.509812
2.511860,-1.751658
2.965157,-1.866120
1.116802,0.489057
0.141431,1.648119
1.790025,-0.662964
2.212613,0.913526
-0.538116,-0.736164
0.247327,0.583686
1.219446,-1.079332
0.145620,-0.391825
-1.727552,1.161221
-0.660871,2.320657
-0.331437,2.913711
-0.723722,-1.283077
-5.211929,-9.535025
-4.435294,-9.652742
7.048400,-1.512701
5.355189,0.403605
-3.406735,-5.132416
4.483959,-8.382711
5.312850,-9.590307
9.592664,-7.392255
0.924421,-7.696055
-6.877635,-11.270670
-7.958755,-8.407377
-1.493578,-3.875281
9.372171,-0.412192
2.017738,-4.496743
9.950378,1.835532
0.709658,1.797917
-5.805155,0.471843
-7.600400,0.378787
-4.751105,0.849471
25.573088,9.652764
6.108319,-0.248022
-7.616674,-4.283133
-9.658438,-1.505095
-12.519707,-0.264946
-5.273638,2.767144
4.096965,5.609253
6.164684,5.163823
6.069961,4.848572
2.054341,6.101798
-1.470061,6.494320
-7.702401,6.665239
-11.370658,6.341589
-11.085891,6.158625
-5.081621,6.003764
3.251263,4.231398
7.296026,2.961497
10.264138,2.701425
0.765947,-0.535993
-7.871650,-1.214398
-6.995446,8.648161
1.748706,4.787319
7.513902,0.801181
7.308903,2.524203
4.136802,8.376982
1.899030,3.965545
1.275856,3.053009
2.073415,8.134141
3.214699,9.936076
4.234197,1.579859
2.873665,2.251220
1.134881,7.914135
-2.814575,16.648403
-4.389670,15.893907
-5.411585,9.302583
-7.273562,5.196725
-6.423719,-2.613269
-3.090194,3.332283
-1.539446,4.737538
-0.432523,3.542238
-3.788756,-14.536683
6.945297,7.096573
7.606881,11.899571
14.065022,17.504555
10.570204,16.813882
-7.125292,-0.162888
-11.321364,-1.477962
-14.390347,-1.474859
-15.198625,-2.033021
-5.363941,3.436379
9.141472,5.439738
12.922665,2.626234
20.286619,-1.656040
13.495393,-0.554336
-1.340058,0.061611
-8.918742,-1.487586
-1.124184,-1.696090
-13.028541,2.988965
5.588718,-4.370285
13.567273,-7.819892
-2.844197,-1.082525
10.348118,11.072469
-2.043638,9.006301
8.258113,9.599699
13.872485,7.038334
8.083755,2.579071
6.345414,-1.854665
-6.897096,-8.649735
-13.530206,-13.945580
-6.818262,-14.090468
-1.760856,-9.761391
-1.486998,-7.623911
1.465587,-5.581338
5.280371,-3.695541
11.038870,-0.452307
3.723041,4.642847
-5.857449,9.402766
-11.201834,13.779937
-9.761034,18.645498
-9.723752,20.825216
13.743424,-0.853631
0.848680,-4.301433
-6.279397,-10.960250
7.303376,6.044068
-8.237503,-5.566717
-11.623241,-2.609843
11.533041,5.681120
-1.392375,2.227038
0.951117,5.479691
1.945727,2.760257
5.038800,-1.684641
-4.562788,-1.841140
-3.373365,-0.926444
3.165516,-1.129007
3.078833,-1.604742
5.619878,-2.203431
6.980583,-2.149064
8.011614,-1.445541
3.670222,0.648621
-4.539531,2.391643
-7.084417,-9.929940
-0.841577,0.449472
2.490144,6.096979
-1.879985,2.594417
-11.870687,-7.182236
-13.497226,-8.086019
-7.210769,-1.093208
-3.852124,1.335158
-4.034094,0.411237
-2.439090,2.069730
0.047940,3.771988
-0.421413,2.044071
-0.079588,3.146449
0.674221,4.273405
-0.954838,0.505168
2.548674,0.221681
4.317185,0.830807
2.258272,-2.620183
1.174016,-1.877273
-0.568835,-0.948435
1.791518,-1.173184
3.310926,6.289576
3.338922,10.284809
1.563745,10.514126
-2.861219,-2.438094
-4.636233,-2.596715
-3.756895,-2.822637
-3.700236,-1.522089
-3.469084,4.795679
-1.756017,4.958601
-0.252200,-1.007822
0.734644,2.372152
5.838588,2.118951
-1.026825,-2.509711
4.945184,0.915536
3.795677,-0.193002
5.175910,1.964021
3.473201,1.108578
1.775539,-2.097352
1.040962,-5.755911
-1.186264,4.259162
-1.122637,-9.201788
-1.827642,-5.516762
-4.037868,4.974483
-5.165278,6.804943
-2.055369,14.851677
2.907224,21.941939
1.744332,14.825804
-2.301098,-1.120136
-3.515915,-9.051602
-4.321508,-13.642448
0.231418,1.029829
-3.555923,-4.407150
-1.032212,3.039992
-2.627756,2.777652
0.077332,5.903558
2.684884,9.815989
-5.145471,4.474464
-7.414480,3.735663
-6.487961,5.992303
4.569400,3.440751
-17.051422,-1.343753
-1.376937,-0.406081
-2.540666,-7.228450
-4.635378,-8.889650
-3.516406,-6.891877
-1.589264,-3.584455
2.128658,0.704282
4.454829,3.883590
4.387525,5.058081
-0.041225,-0.327386
0.231595,-0.414044
-2.572417,-2.625049
-2.126989,-3.197948
1.590194,2.733139
-0.438867,-0.333213
-0.471591,-1.112968
5.568363,0.643857
3.113963,-1.480020
1.059108,-3.031826
0.366600,-11.427314
-3.188761,-8.863883
7.825696,-2.053321
19.092447,1.101242
22.128632,5.479396
13.440909,6.232833
3.010748,1.669735
-3.029271,-1.737198
-6.877345,-3.359996
-3.565222,-0.329312
-0.217200,0.357668
1.687234,-1.703210
3.156599,-1.095786
3.775484,-1.968557
2.900552,-1.523688
2.238178,-1.669080
-3.018446,-3.099834
0.657841,-0.599211
0.339507,-1.257691
2.071519,-0.102309
-0.728331,-11.723326
-9.427510,-7.048194
-14.261259,-5.424605
-14.376855,-5.578720
-10.020713,-3.334991
-3.811315,1.659899
-5.455285,3.260025
0.117163,4.820216
3.313150,5.196261
4.198569,5.130639
-0.667040,4.900747
-5.509177,4.183412
-2.129352,3.775741
-0.351048,3.638122
-2.206824,2.502080
-0.679717,1.368370
2.842346,-0.100302
0.938973,-0.922333
-0.631820,-1.302877
-2.393485,3.036335
-9.481235,-5.954397
-7.278481,-14.117509
-4.942832,-11.454617
-2.484499,-9.170825
5.578539,-1.331914
7.240626,0.845264
7.393280,1.969151
5.858530,0.329011
4.720840,-4.006636
2.557015,-7.091772
0.911168,-5.903095
3.948079,-0.699096
-0.345973,-2.677500
2.819316,0.710152
-0.806931,-1.730549
1.622920,1.696024
1.426268,2.854907
0.082161,2.414014
-4.755016,-0.160712
-4.593472,-3.958105
2.045343,2.756017
-2.445549,-4.601066
-0.564478,2.985640
-3.670541,0.338527
-2.418758,-3.773790
0.666215,-0.859487
-1.792292,-3.282748
-2.494455,-2.109864
0.675701,6.617367
1.665365,6.620664
1.330050,4.503508
-1.867786,2.668699
-6.047271,-1.973176
-3.989576,-2.206462
-2.262005,-2.771854
-1.142500,-6.135411
-0.120534,-6.187073
0.641329,-7.479657
3.364505,-1.988180
3.952786,-5.886699
5.092192,-6.446740
-7.700799,-6.822943
-10.190698,-9.676667
-10.929998,-9.428911
0.952965,-2.621661
15.914025,3.311708
23.455924,3.332567
19.554549,-1.240676
10.193812,-4.152893
1.081542,-4.686617
-9.392867,-4.082725
-11.718002,-3.310098
-3.653019,-2.692205
-1.848265,0.784928
-5.022731,4.162552
2.094798,4.392047
-1.460624,5.936687
0.627789,5.249721
3.201546,4.711744
7.906503,3.617995
4.720514,1.212350
-5.840836,-25.890990
-3.126948,-11.812198
-3.054724,-6.229415
2.959532,-4.310552
6.824185,1.725169
1.614474,-8.744555
0.332812,-11.752027
0.834916,-4.614356
0.188699,-6.309153
0.068839,3.494547
-0.006717,2.580100
-0.175976,-6.988786
0.216448,-1.368588
-1.353261,-4.613742
-1.334550,1.230493
-2.175161,3.392693
-2.987455,5.545964
-3.910977,6.699681
-4.678472,6.922982
6.909386,-29.947674
18.543833,-1.943056
17.919518,-1.760598
17.490425,-2.198826
15.923696,-0.075178
4.834100,1.907907
1.706093,5.631390
-9.416911,4.014094
-21.184427,-2.178020
-26.479405,-5.666836
-16.084254,4.079127
-1.887354,7.262584
2.431488,7.790713
8.455680,8.212263
10.411186,7.721430
9.390067,3.996097
0.474364,-8.971206
-5.152803,-18.449187
6.982948,-11.701198
8.942612,-9.652936
11.499442,10.273030
9.764396,15.869257
9.678421,8.980751
9.873748,4.760944
10.104525,1.099158
0.808516,-3.577175
-7.787928,-5.421226
-7.811114,-7.003108
-6.652342,-9.204972
2.601635,5.940865
5.306369,11.293893
6.207131,9.942226
3.443694,3.527749
4.616177,3.036864
3.368431,1.478103
1.799186,-0.050337
4.541885,0.438630
8.168869,1.157893
6.948665,-0.012928
9.522138,-1.542017
-2.102448,-6.443846
6.164976,-5.126421
10.186739,-4.731514
18.788760,-3.010836
14.178022,-0.065626
-8.960050,-1.070546
-20.366177,-1.846536
-17.432838,-2.446089
-14.049746,-5.553606
-0.438631,-5.335171
6.047405,-3.828823
-2.986465,-0.204997
1.376943,2.577129
6.278186,3.883459
-3.026204,2.439148
0.463975,3.534314
-2.562860,3.037111
-5.565338,3.827817
-7.529511,2.708477
-10.568158,1.805149
-21.653357,-1.537589
13.534944,-5.331611
6.153024,0.662215
5.495524,2.011422
-4.616430,-1.363345
-21.807882,-7.953500
-22.519202,-4.877380
-11.262612,2.805736
-11.394265,2.970199
0.294142,3.460536
6.943398,1.275587
6.354686,-1.617727
12.232889,0.042314
8.627898,-0.579226
-12.320844,-4.609505
1.988930,-1.073520
-9.221932,-1.140743
-2.795746,2.911208
1.340686,2.842906
1.734496,-2.106881
1.834003,9.124679
6.292939,-2.922107
4.159859,-8.903093
3.829517,-5.352688
3.219221,3.248224
0.799594,4.394007
-4.774298,-6.913542
-2.205219,-3.518637
1.129181,5.753677
-3.214436,2.348694
-10.819045,-7.265602
-10.482219,-7.475748
8.621871,12.650126
2.403681,9.064273
-1.832035,8.425253
-3.094417,9.579413
-2.774901,10.300774
-4.978619,8.699747
-6.006516,7.853626
-0.675048,11.554421
0.113715,-12.170165
6.104063,7.940975
5.485555,9.456345
1.434388,2.416660
4.470483,3.671701
1.110859,-9.552558
-2.926497,-13.190983
-2.315486,-8.748668
-2.840307,-7.324811
-1.483683,-3.030316
-2.419941,-5.555806
-0.766760,-2.681059
-0.664490,-0.202385
0.083706,2.605215
2.008419,6.765155
2.918129,9.959054
-0.707041,7.575475
-5.856387,2.587610
-10.333803,-3.266554
-11.159327,-1.985378
-3.282183,-1.923821
0.901649,1.895128
15.611969,0.732804
26.573396,-0.943613
19.037225,1.306362
10.949461,3.824204
3.581262,4.437325
-6.805643,2.705425
-11.400869,1.081957
-7.001617,2.344415
-0.641142,3.768554
-1.836891,2.572686
7.355591,3.035369
11.647408,2.808417
12.299757,2.697507
7.911096,0.918511
-0.590859,-3.655622
-7.343390,-7.805314
-8.009217,-5.263961
-1.261642,2.858630
-18.579848,-2.370609
-6.487903,11.904357
2.749109,21.811238
3.114264,14.222740
4.044366,-6.361831
5.118281,-15.626639
2.295437,-8.017448
1.510018,-2.289745
3.091198,9.068920
-0.225201,6.173982
1.933118,7.104510
-4.648633,1.389679
1.941556,7.891726
-10.627061,1.216597
-17.835203,-4.847364
-7.063416,3.124470
-0.380986,7.380156
6.719304,7.211386
7.812474,6.058986
10.306397,3.022812
-6.546428,22.143453
-9.411001,17.922609
-5.028146,-1.768782
-1.721076,-9.506447
0.029053,-9.308746
1.866136,-1.895062
0.697555,2.543149
-3.802047,1.477780
-2.760472,7.415381
-3.531707,4.456398
-2.858827,2.757049
-3.243235,-3.667515
-3.711853,-1.552252
-3.573518,-2.476443
-5.145707,-0.887782
-2.510819,2.398805
-1.667519,-2.420314
-1.845736,-2.695108
8.010177,3.037914
5.644831,-0.004699
-9.198924,2.581999
-9.000767,-6.386959
-6.877261,3.667405
1.760505,3.935775
8.707956,9.890837
9.252962,11.325784
2.931208,3.785799
-1.976817,-4.145960
-4.198961,-13.536369
-5.090791,-13.162012
-4.681794,-18.241711
-7.407087,-16.156923
-6.080811,-16.582726
6.316082,4.642881
6.798568,4.547390
4.550282,1.161268
3.410566,-1.267078
3.134615,-7.209837
2.987309,-6.764087
1.851817,0.326302
-5.182953,14.714619
-4.222855,7.388898
-4.830550,3.372712
1.079933,-2.507784
1.164694,-2.461624
1.639166,-3.679160
3.895823,-9.314444
4.867958,-9.169270
3.186392,-6.130184
0.661156,6.430020
1.744108,2.545736
-1.555015,7.663608
-0.857683,6.545822
6.602433,-11.361433
5.068967,-5.495080
8.122148,-10.313979
7.721014,-7.250945
2.331148,0.938230
-0.498931,-1.578092
6.958505,4.432511
-0.189453,0.383980
4.431650,7.381855
-1.726804,4.396026
1.636051,1.566264
1.820010,0.360211
-2.317130,-4.677222
-3.370062,-5.091729
1.143735,2.118838
0.278025,1.427448
-1.999551,-2.996383
0.483407,0.038846
0.789828,1.279245
-0.578282,2.874850
-1.477893,2.502457
-2.498401,1.638708
-1.880639,3.758013
-2.106147,0.691373
-1.020726,5.172751
-6.431109,-8.217022
-3.130805,-1.476067
-7.093791,-8.093247
4.756387,16.348704
6.081827,13.951726
0.399217,3.199382
-10.280166,-10.057852
-7.520466,-4.216096
-9.884597,-13.443381
-5.654239,-7.490348
-7.364097,-15.782064
-8.731816,-12.772429
-5.142418,-11.022709
1.229687,-2.926172
4.306441,2.569995
6.313474,8.019638
2.432075,7.628376
0.806176,5.728021
-0.171901,0.871841
2.722157,2.734068
-3.932836,-5.853958
-4.489936,-6.322932
5.397008,14.626234
-1.462317,7.928266
-2.373702,-2.491727
0.015278,2.517379
-3.486653,-3.632350
-4.438961,-2.196386
-1.152912,4.812174
-1.562881,4.255469
-4.002006,-1.854397
0.875863,-0.737554
0.052347,-2.772630
-2.911191,-3.858979
1.501339,-0.790788
0.470791,0.499613
0.249390,4.132879
-1.295815,2.820245
-0.719136,0.948107
0.564438,2.218761
0.077137,2.817492
-2.943921,1.684907
19.721023,0.321768
-1.260963,-7.207566
-11.222172,-10.564704
-9.073977,-6.252294
-2.836438,2.336583
1.300432,6.821725
-3.349919,2.991237
-1.023771,1.178585
0.637281,5.966516
-0.457737,3.807213
1.626246,4.178110
-1.016585,-1.704719
0.175014,-3.762117
5.263750,1.164901
4.130778,-1.223500
-0.378346,-0.459219
0.393727,-0.441342
-0.414733,-0.440345
0.499972,-0.778953
-0.593744,-4.994197
-0.165681,0.880242
-0.378608,-9.010329
0.298059,-10.129110
2.296328,-4.499820
4.134804,-3.809584
6.992095,-5.902156
9.869971,2.188137
9.198235,2.898156
7.547297,2.953353
5.714474,1.647656
3.716565,-0.188767
2.299165,-1.863307
0.410264,-0.289592
0.051760,-0.412800
1.655958,-1.771343
-0.138835,-4.491554
0.064006,-5.242248
1.098633,-4.216062
-1.273178,-3.171924
6.452261,-1.852091
12.463939,0.652962
8.701522,2.697455
3.444161,3.302161
-3.250935,1.957681
-5.888647,1.487613
-2.638432,0.880313
7.379242,-1.176401
7.483988,-1.851382
5.574400,-2.613211
1.183579,-3.176863
-1.800901,-3.788169
-1.351499,-3.455447
2.476665,-2.701060
6.530956,-3.127302
6.017300,-3.874970
3.097652,-3.437467
-2.366889,-2.094169
-2.083926,-1.340325
-4.013092,0.859290
5.469537,-0.156502
-3.851964,-5.470503
-2.977860,-7.200804
-3.450474,-6.626084
-3.154242,-6.815262
-0.339171,-8.702000
1.446066,-8.743616
-0.572864,-2.813032
-2.685497,3.202246
-4.088926,5.690986
-8.175726,10.278873
-8.442032,6.546559
-6.586624,1.404769
-5.475792,3.835612
-5.376112,0.819008
-3.326883,1.507520
-1.555042,4.356577
1.471821,1.624795
4.547577,-4.760392
5.388354,-6.063743
2.530989,-18.041698
-19.072775,-5.789768
-20.013363,-13.059682
-16.476853,-13.081701
-9.335655,-9.045536
-0.432681,-3.412273
4.388519,-1.903224
3.127588,-4.797831
0.695152,-4.118672
2.500531,-1.081618
2.998436,-0.620967
1.267927,-2.524468
1.997525,-2.406863
-2.590422,-9.324855
-3.948584,-11.066863
5.138738,-3.597578
9.771802,-0.193910
10.372580,1.193612
7.270474,1.015912
3.714688,-0.153756
-0.540894,-1.826905
21.159660,4.354058
1.703712,-3.733931
-5.086261,-8.660852
-9.777720,-11.376027
-9.280909,-8.430152
-3.219299,-3.439830
-0.059805,-4.245452
3.112536,-3.743487
3.564749,-1.168971
1.254400,-2.304918
-0.650815,-3.389686
-4.776145,-2.796943
-13.867071,1.470854
-13.987981,1.898483
-6.768370,-1.625051
0.106507,-4.741946
-1.059728,-4.510049
-1.383647,-4.134133
0.398337,-4.554154
2.346982,-5.492401
-2.703520,3.576174
-2.900930,1.077602
-4.199749,-0.045230
0.420436,-5.835774
-0.842940,-10.639794
-0.558408,-0.673442
4.221013,-3.124242
6.092686,-5.643288
3.243513,-3.059927
-2.487170,3.859527
-2.712310,6.144278
-2.275045,9.722838
-2.849066,9.091507
-4.220906,5.946406
-4.797766,0.287957
-3.453807,-2.970257
-2.442477,-8.775525
0.159381,-8.516582
-0.670362,-15.788714
-0.935396,-12.820452
-2.302817,2.902870
-5.277793,-3.932008
-11.572653,-5.561187
-11.935578,0.230141
-19.074205,-2.396777
-10.116719,-0.521874
6.555824,-2.107713
14.189456,-4.505668
7.895092,-2.960997
2.121886,-3.058528
-11.984513,-3.983853
-12.836544,-3.250599
2.635478,-7.406878
2.560885,-1.285578
9.705148,1.051553
12.377000,1.753323
6.123725,1.126969
-3.088901,-0.615144
-10.284384,-2.801354
0.384624,-1.545872
-11.947952,-5.835520
9.400251,-6.308317
8.726457,-4.780208
12.639910,-5.861923
6.337904,-4.392217
-4.390380,-2.623266
-7.966912,-1.260843
-4.233913,-1.034139
-4.817595,-1.755606
3.116385,-3.104868
2.885195,-5.942164
0.622205,-5.736706
0.436307,-4.147110
-0.307310,-3.218810
-0.452396,-2.335780
-7.457730,-1.398286
-8.747042,-0.452037
-3.158883,-1.408889
-1.230148,-2.425271
-1.874950,-2.373711
-6.700171,-1.366515
-8.827011,-9.756222
-8.215226,-10.215634
-4.349216,-4.522011
4.304056,10.041180
1.135705,8.523759
5.532117,5.006466
7.118055,1.961838
4.431486,-2.340588
0.556505,-6.720959
0.624526,-5.366233
2.807515,2.272279
3.231565,2.856911
-0.130204,0.512499
0.864369,-1.371903
1.960798,-2.337738
3.892996,-0.073074
5.294342,1.687807
4.561284,-0.872313
3.125670,-2.727192
-3.287901,13.274905
-12.882953,1.984806
-7.871788,6.830106
-8.169196,1.880521
-2.074444,-5.035785
-1.294372,-10.046455
-2.597455,-9.888885
-3.309650,-10.201461
-0.070547,-1.772655
4.818525,5.927698
8.382973,8.718125
4.939876,6.755859
0.806108,4.464255
-2.547778,0.862892
-5.368914,-3.962985
-7.377044,-7.667552
-5.621920,-4.980403
0.953645,2.995916
2.234131,4.420271
1.083526,4.021598
6.037133,3.153508
3.323227,4.454045
2.486410,3.982850
0.710057,3.294106
-2.537478,1.964522
-5.272203,-0.112774
-4.446786,-2.017508
-3.735122,-4.214200
5.797182,-5.046735
8.254293,-4.753071
3.796626,-1.463387
-3.424188,1.479981
-6.052625,1.735525
-8.198331,2.252798
-4.116985,0.257554
3.119501,-3.994990
4.889322,-4.710461
3.391623,-3.468654
0.961638,3.097440
3.565393,0.530549
13.018359,5.481625
-5.417302,-6.539418
-10.235261,-10.847398
-12.180805,-8.105254
-8.674175,-9.238250
-7.611542,5.246052
-4.048226,9.906365
2.860717,20.033473
7.885561,25.372623
0.424106,16.123933
-5.221347,3.338647
-5.847711,-5.360807
-3.963174,-7.729180
-1.511317,-6.089788
0.360948,-4.283731
1.933221,-2.228097
4.088835,0.908312
4.855444,0.350494
4.485659,-2.769720
8.452773,1.771791
-7.584209,15.019848
0.630872,19.105946
-9.219206,6.648825
-6.775122,8.089932
-5.373900,4.939036
-3.047215,3.746129
-3.278407,-1.358135
-1.847681,2.510107
1.436432,7.133560
0.117039,1.222049
-2.797160,-9.637681
5.901438,-1.642281
8.868094,-1.589084
12.830841,1.255799
14.667824,4.467648
7.375078,0.321861
2.942243,-1.651898
0.542675,-2.441925
1.321923,3.905843
5.823078,11.339097
6.388658,-2.579829
4.379136,-5.871322
-8.251656,-0.312509
-6.510711,-0.054517
-9.754958,-1.338239
-4.836988,-2.807556
-14.636992,-2.876592
5.916953,-5.712260
15.494328,-6.317238
8.225216,-3.502079
0.776737,-2.630256
-6.382244,-2.087123
-6.336145,-1.703566
-5.390247,-1.861356
-2.685109,-1.879006
-2.607185,-2.162501
-3.215307,-2.501568
-1.221978,-2.078085
-2.493016,-1.017839
0.656576,-2.123415
8.667014,-4.263760
25.847582,-10.284771
31.269949,-9.448529
21.817959,-6.337053
6.137490,-4.706791
-8.871508,-3.277820
-15.472783,-0.558783
-11.263677,2.441552
-2.647004,2.918323
-0.432707,1.977950
6.254264,-1.211349
8.406325,-0.509653
3.099945,3.135264
-3.802261,7.905946
-11.432618,10.960290
-10.294876,11.451508
-2.544149,8.514850
3.524154,4.115581
6.075904,0.954558
7.029715,-0.299083
3.693628,-10.455775
-0.070598,7.471531
-0.353722,10.240922
4.194333,11.001700
4.814122,-0.949952
4.372131,-5.314940
4.412947,1.507923
1.124281,-0.489846
-0.051415,-0.359310
-1.693208,-0.985840
-4.427080,0.565662
-1.127310,7.241068
-6.512211,-1.943056
-4.460427,-0.738341
-5.153060,-6.729647
-3.522198,-4.932194
0.037949,0.320821
2.780169,1.334192
5.896855,5.570534
2.106664,1.946842
-0.543239,14.142282
2.903473,20.900630
3.375335,23.021845
3.666991,13.973985
-0.406713,-4.740244
-2.125640,-9.332719
-2.034004,2.546615
-5.354009,-2.812726
-1.007120,3.433571
8.331597,11.158653
15.865180,11.949610
17.622829,8.119721
11.339156,2.045973
0.075956,-7.550883
-1.193907,-8.376843
-5.606496,-15.825528
-2.811133,-10.986754
1.233383,-4.423831
4.431058,-2.446339
-1.491770,-2.865396
-27.473508,16.506066
-23.495992,12.504613
-14.774527,13.402836
-5.690154,10.194297
-1.279306,5.022243
-0.271407,0.492760
-5.393171,-4.941962
-13.383260,-9.127463
-6.978143,-8.941750
2.147292,-6.624294
5.975198,-5.508061
6.436625,-4.570395
-1.137510,-3.550871
-6.028709,-3.593855
-2.813535,-3.925047
-0.221048,-3.116565
-0.514530,-2.187217
-3.992706,-2.076061
-5.974210,-1.008387
-1.962874,-0.418490
2.951006,6.647092
5.107722,6.806715
3.695824,3.132789
-6.080376,-6.862766
-7.608237,-3.585719
-6.808811,-1.407374
-2.335110,-11.929614
1.188442,-4.848072
10.944658,9.868818
14.849192,11.676641
12.298490,7.716805
11.971918,4.648108
4.538086,-3.871053
-3.117475,-12.051030
-5.754351,-5.978949
-5.858525,-7.316270
-4.582226,2.701653
6.370685,9.662729
2.493045,5.836825
3.953612,4.415185
12.014905,-3.788082
-6.130467,3.810707
-2.375413,1.054703
5.512954,-4.236549
6.915325,-5.171635
0.938628,-0.901231
-4.822236,2.968513
-8.256277,5.760425
-7.838247,6.199848
-0.700442,0.833368
2.212698,-3.284960
-3.976613,5.329638
-5.579664,5.517715
-1.020580,1.950307
-2.845734,1.503452
-0.377605,-2.127461
-2.399408,-1.922024
-3.293793,-2.219279
-1.217273,-2.752859
-1.131940,-4.675280
32.533587,9.003465
11.493548,15.385437
-7.783916,3.033850
-11.872313,-4.953742
-12.178827,-5.948604
-7.806349,-4.129723
-1.516456,-1.107776
2.438690,1.876944
9.190269,5.268973
8.376969,6.766915
-2.618511,5.596778
-5.515056,6.189294
-2.332482,6.744222
3.610312,9.046014
-2.166867,-0.117354
-0.829035,-5.156545
0.150618,-4.482011
0.255536,-3.440898
3.018595,-2.413593
6.502603,-0.758103
-2.975939,3.242930
1.351131,5.659984
-1.362717,-3.293324
0.143526,-12.184709
3.541097,-10.418363
6.687534,-1.417574
7.678947,0.892405
9.702598,2.283764
11.327139,5.852781
7.623862,4.709420
5.107363,3.009492
-1.815860,-3.342438
-4.195483,-5.467121
-2.787323,-3.930045
-0.650181,-1.645549
0.928616,0.031522
2.068591,0.923584
3.877842,1.718822
3.633189,1.708019
2.311192,-3.094446
-15.874897,9.670788
-16.378412,-18.629192
-14.985646,-20.819547
-10.415118,-8.488395
-2.170027,8.303172
6.961168,17.061338
11.643764,15.057464
9.113202,6.209790
3.331408,-4.158964
-0.282478,-10.651733
-1.728306,-13.584740
-0.850313,-10.397288
1.007058,-9.003410
5.928423,-5.263891
8.034397,-2.641430
8.745749,-0.187203
-6.965595,-1.736019
-2.628210,2.939587
-5.772353,-0.065465
-4.760468,1.298306
-12.419853,0.522700
10.261503,-9.171240
11.785368,-13.963749
-1.522550,-3.770441
-14.478371,11.439134
-18.069231,18.754377
-13.564588,15.416036
-7.517799,11.757683
3.773532,-1.999073
13.815194,-11.688754
11.460239,-11.969650
7.265843,-10.177627
4.228529,-3.392946
2.982571,-0.821797
1.603303,2.361833
-2.370252,7.123837
-1.310258,4.580672
-7.446785,11.195783
3.096475,-5.480251
-15.616970,8.090575
-3.965155,5.914839
19.507345,7.988560
-9.364394,5.427279
3.210996,4.722374
-2.081649,0.319734
-10.706674,-2.320432
-17.095083,-7.619842
-0.189409,-5.150040
2.382619,-0.747912
11.199809,7.609089
9.159395,5.220214
1.576867,-1.511718
0.753659,1.055172
-0.129160,-4.411196
-3.337089,1.991666
-3.675571,1.343402
-1.475109,2.464242
1.180238,3.561979
2.761812,4.576874
-0.650986,0.344830
14.221042,-0.171486
0.764842,-1.246720
-7.899021,-1.075446
-9.752275,-1.486870
-8.113397,0.314435
-4.115375,-11.263186
-3.738695,-7.171448
-3.237665,-9.677182
5.718077,7.114174
7.611947,12.161389
5.161512,5.697124
3.486240,-0.978010
1.799660,-4.438650
0.316284,-10.300896
-1.232706,-8.084761
-3.198455,5.764498
-9.419684,7.787964
-12.463944,10.010403
-13.907975,8.118529
-6.480849,0.926213
-7.186074,2.237612
-0.464827,-14.787149
-1.759437,-10.980118
1.465188,-9.417136
5.846909,2.870467
-1.231510,4.485000
2.336080,11.793845
4.314824,14.078642
2.873454,8.975006
1.028365,-0.226378
0.918709,-5.805905
0.406325,-6.614732
-2.710689,-0.675369
-5.558458,-3.618560
-3.903326,5.801861
-4.643336,4.330218
-6.665300,2.760529
-14.132960,-12.831976
-3.841696,-1.099089
3.327030,-0.360882
-15.552742,-17.520796
-1.607392,-2.742160
5.667538,10.131879
2.608389,10.457900
0.792463,10.067672
-0.445526,7.223469
-2.686934,-2.178139
-2.382256,-9.200631
-1.324345,-16.586813
-1.930339,-19.276271
-2.102139,-4.022489
-0.642494,8.453738
-0.248554,13.498818
-2.810386,7.705943
-4.939649,1.507216
-6.684452,0.469083
-8.299156,-2.271575
-9.193599,-3.596043
-9.989912,-3.268299
-11.099672,2.160137
6.385483,2.677665
13.016349,-1.227881
32.079341,7.742062
15.664776,5.402743
-9.711741,-3.480371
-11.999117,-12.840553
-3.774453,-9.276213
-0.601027,-5.517039
0.764663,-1.328250
3.995106,2.442956
7.493368,3.137119
4.537489,-0.772530
0.921828,-4.646615
0.640402,-5.942502
-1.924413,-7.313728
3.291958,2.457851
2.682638,2.552860
-2.889636,-5.880613
-3.534671,-9.280509
-1.720245,-10.071775
8.665448,-2.626416
7.727384,-0.887478
5.373697,-0.261489
-5.918890,-3.289542
-9.468707,-5.117647
-1.933209,-4.171728
3.887896,-3.444355
6.324375,-2.007604
-1.975454,-0.904408
-3.451856,1.830546
3.441629,4.537896
2.999903,4.738664
3.989170,4.130742
-0.306851,3.531189
4.738006,2.006497
-0.201131,3.929317
1.489590,3.815913
2.391585,3.489689
1.879633,4.093951
2.532928,4.475494
8.865915,3.087481
-13.128557,-0.690721
-19.570362,-1.998291
-15.929989,-1.640844
-10.533490,-0.264812
1.075852,-0.641657
9.063260,-0.950086
12.599503,-0.685415
11.714494,1.252783
7.095775,3.021065
-2.238578,4.097146
-10.054122,3.345145
-12.277402,3.715745
1.495108,3.294244
6.748756,-1.010918
8.886925,-3.579301
8.741093,-5.732807
3.377377,-5.181331
-2.560448,-5.283210
-2.460083,-6.549178
3.696140,26.028353
-1.842412,13.027009
-2.456094,-16.059862
1.292073,-19.279669
2.099927,-19.006461
-1.390142,-2.405049
0.476880,0.751910
5.179225,9.573945
4.128633,2.978675
7.060977,0.239250
7.987618,0.661958
3.254496,-0.734145
-0.037355,-11.471860
2.734711,-8.595028
5.123963,-6.366417
5.643940,-5.826859
9.237032,2.774333
9.326535,3.487411
7.497136,0.288702
5.646276,-1.632416
-25.272345,-5.434848
-19.007713,-6.838508
-17.834362,-5.334620
-3.211195,-6.925843
11.814926,-2.603582
13.803694,-0.890321
16.776672,1.125605
10.307168,-0.896475
-4.652381,-6.957956
-3.826580,-8.604941
-4.861029,-11.346416
-2.779825,-13.115573
1.616456,-9.834350
5.152706,-4.924391
3.433232,-1.645672
-0.707063,-1.181437
5.078212,1.186110
-7.055330,1.545441
-5.484869,0.871521
-1.615182,0.579151
7.188970,0.735976
-5.311290,3.448976
2.434429,-0.933752
-6.172480,-3.537611
-10.247545,-4.604141
-5.432200,-2.419374
-2.092400,-5.384949
-6.858266,-4.879260
5.473639,-7.732058
9.824669,-8.601783
8.199497,-6.343806
1.536091,-3.363383
-9.446822,-2.185903
-7.014797,-1.341065
-5.139944,-2.881267
1.448404,-4.156839
4.269172,-3.383465
4.007202,-3.819587
1.528481,-3.842430
-2.470996,-1.328851
-13.991029,-9.120167
3.696475,-12.347981
9.954067,-9.568224
17.674676,-7.162577
10.406903,0.985939
-0.535184,10.900008
-4.670937,12.395461
-0.455080,7.886000
-0.008959,5.888495
-1.335814,5.302239
1.296602,-4.330489
2.561387,-5.046393
3.289451,-2.338254
1.847223,0.889818
0.527982,6.396298
-0.171500,1.572355
-0.572823,2.469659
1.071823,-1.567964
-2.473878,2.151005
0.531813,-3.406117
-1.294935,-6.447909
7.114360,-7.295447
4.674514,-4.142887
4.637332,-1.019396
7.931480,-3.943934
7.042696,2.844048
3.915103,9.525211
3.591904,7.214617
3.250804,3.190747
3.843974,-1.500641
8.075864,-6.885648
2.691784,-3.685634
-6.400286,12.131836
-1.484109,4.854268
3.666116,2.942250
3.512052,4.983584
3.818044,3.000606
6.020220,2.870944
8.679625,2.239972
11.227702,-3.101529
-3.427027,9.228061
-11.361920,5.699679
2.067918,-2.178544
-20.660478,-0.427968
-23.133263,-2.265519
-10.402322,-4.457467
2.446387,-6.046949
11.954733,-7.078709
12.887030,-11.311695
14.694253,-12.410620
0.832256,-12.913391
2.151674,-10.405420
-4.724662,-7.701385
-12.783693,-5.710395
-11.869375,-2.819528
-15.218128,-3.883782
-14.723617,-4.286844
-1.375460,-1.336589
1.794943,-1.377841
9.330711,-0.538876
-18.916466,-32.708719
1.470538,-19.408196
11.228307,-10.996829
18.198827,-3.272831
21.135473,4.229893
-1.919135,2.752920
-30.732646,-8.241160
-37.250145,-12.881028
-27.378646,-2.967076
-13.938022,5.681146
-7.199771,7.591149
-0.412492,9.312120
-0.063097,10.685782
-3.611167,9.728311
-9.681466,5.563393
-8.573761,4.627001
-7.194107,0.337011
-4.203665,-3.242798
-1.976789,-5.862241
6.524497,-6.607730
-9.527856,3.189738
-6.905836,8.796275
-14.433126,4.166602
-5.737103,10.362365
-7.291511,5.634313
-10.631680,1.267251
-11.937930,1.083249
-8.883979,3.609797
-8.323781,1.310681
-4.245798,3.345290
-1.729045,1.448217
-1.749702,-1.815615
7.275594,5.324976
6.464902,2.956263
5.897294,4.776768
-0.067371,1.951918
-2.141616,-5.218209
1.040303,-6.461450
1.616473,-5.508417
-0.502127,-2.972560
5.020232,-7.051267
1.041638,10.829013
-0.904235,10.901801
-0.829577,4.457733
-1.564288,7.280747
-1.136159,7.798507
3.574183,-0.584999
3.787231,-3.009440
4.779215,-15.080925
3.984985,-18.858109
2.907818,-12.164283
3.468955,-2.876212
-0.726074,-14.226575
7.621313,4.749905
2.377704,-0.274713
-0.561449,-3.767653
-2.081540,-8.160398
1.025533,-7.692601
0.554056,-9.113385
6.438217,-0.063148
-17.259905,5.980588
-0.086978,5.722291
14.287523,-2.099899
12.711709,-4.455895
4.715918,0.085628
-3.576347,6.471113
-6.378548,9.968245
-5.064860,9.605148
5.382544,-0.087309
-0.471153,4.533742
0.392648,-0.666347
0.709405,-0.598197
-0.613993,-1.443338
-0.074156,-2.851979
3.021816,-6.026323
0.796211,1.079602
-0.241605,2.743131
-1.363397,0.527217
-3.880421,-0.679167
-5.515264,1.202303
-5.022679,4.430637
-8.561711,0.017616
-10.842003,-3.516639
-9.899619,-3.251593
-10.168501,-5.955732
-5.854248,-1.023964
-6.879473,-14.778187
-1.792562,-9.499232
-2.763684,-6.628726
5.396110,0.859058
7.853120,5.356942
4.829431,3.492400
5.906835,3.239294
2.424959,0.231800
-1.283890,-0.343530
-8.509839,-3.559177
-4.659621,-3.024420
-1.250080,1.447396
-0.420219,1.630388
-6.425970,-12.461149
20.951262,3.176207
-4.748382,-10.432226
-36.051760,-12.519347
-31.680416,-9.618064
-13.700151,-9.503571
5.461937,-3.603291
13.735392,0.640439
11.143222,-1.712730
9.899896,-0.633180
-5.361997,-0.261331
-6.742162,-0.834772
-18.324268,0.098503
-16.707605,2.522916
-8.175663,2.031621
0.754204,2.319678
5.329339,6.376435
12.410065,8.288617
12.279768,10.308057
4.983214,14.047490
1.683916,14.248960
-13.254853,-12.182173
-2.722802,19.864677
1.324666,34.401072
-2.052294,27.701021
-5.277397,9.443221
-5.518380,-2.043816
-6.448174,-5.818129
-6.230490,-4.546374
-3.761443,-1.780701
-1.252459,3.647269
-0.642917,0.348831
-0.603476,2.182802
-1.474289,2.180791
-1.162170,0.153976
-3.523181,-5.129326
-1.307066,-4.667561
0.015009,-9.924420
0.699247,-13.913613
3.993140,-8.056128
4.996123,-1.337318
-2.638526,-1.348720
-5.645523,-11.345366
-6.999939,-8.465068
-5.498201,1.062225
-1.025103,4.877491
-3.003083,-3.144104
-1.168017,5.264676
-4.050963,1.277092
-8.508081,-8.331749
-8.846507,-5.067261
-7.275833,-3.623372
-5.896479,0.032141
-3.421805,1.073279
-4.139119,2.812951
0.529355,7.565360
2.800899,11.116485
1.632114,6.580901
3.092167,2.461592
1.700280,-5.153083
-0.590071,-8.610830
23.929134,1.275119
14.381724,2.071867
11.521844,0.541460
7.161169,-1.721316
6.074691,-3.060034
1.433732,-8.294930
-4.988358,-14.241356
2.860275,1.633716
-1.396257,3.173344
0.715163,6.944284
5.806929,9.826084
3.312640,7.001795
2.647545,3.949289
5.949009,4.457119
-1.816239,-2.721350
-0.429374,-2.908645
0.597391,-2.853271
2.109858,1.751319
-2.843475,-2.979192
-0.312214,0.157894
-3.979526,-3.022186
1.859627,3.573474
-10.043312,-11.373001
-27.133718,-24.992139
-6.655630,-8.192923
9.356703,3.406155
-5.080631,-16.191421
0.901413,-4.384746
17.033360,-2.823878
6.968286,-3.274784
-1.674989,-2.257400
-3.667913,-2.596749
-3.866669,-3.380721
1.556184,8.209235
4.123271,3.304881
10.024693,6.190260
9.141623,4.158532
1.971299,-2.413964
2.393290,-1.350995
-1.128221,-5.749582
-6.530466,6.586862
2.129127,-2.031685
5.492788,-1.392791
3.652688,-2.350123
2.807126,-3.989044
0.351633,-2.889976
2.746053,0.121543
7.075892,2.505848
9.420513,1.996688
9.430725,0.290638
7.881396,-1.870027
6.188561,-3.731644
5.628811,-3.004186
3.645074,-1.990369
-1.540109,-4.904603
-2.611711,-4.866043
1.390146,1.082466
6.841585,7.170799
10.644341,10.383507
11.712601,10.339877
30.439302,3.097692
29.306053,5.782327
18.843972,3.138859
-2.442365,3.185737
-19.492622,9.725017
-24.475454,13.599171
-22.335649,13.930277
-9.813386,10.055725
6.226927,6.571704
5.287388,4.047741
3.749472,-1.569095
8.821936,-10.275743
6.648124,-13.744159
-2.499556,-10.198250
-11.103128,-4.837288
-11.466459,-5.276553
-11.217857,-9.290529
-11.832792,-11.241023
-13.943657,-10.645878
-17.173060,-7.120663
-0.590026,-12.590162
-2.723783,-7.655839
-4.441768,0.457440
-4.821329,9.909248
-5.714411,6.790612
-3.162262,11.154526
-5.263990,5.218875
-6.931710,1.003585
-6.037194,2.516038
-5.452655,2.460292
-3.586971,-2.660418
-2.862303,-1.973416
-3.323768,0.280848
-0.886761,0.185359
2.631889,2.854352
-3.427636,-3.100661
1.779592,-0.370910
2.972888,1.396306
3.610205,0.569384
4.620559,1.468249
10.139200,-8.661518
9.618214,-6.825002
3.361500,-1.636538
-4.144475,2.381409
3.874252,-3.187530
21.415334,-16.830859
20.632995,-20.493407
7.253643,-15.374230
5.080598,-16.325399
2.251341,-6.760800
0.635547,7.857888
-2.489101,21.647435
0.880017,13.402307
8.919002,-1.032269
10.769848,-7.450521
6.497108,-4.233029
2.184836,-3.630306
1.405002,-6.035083
-3.883169,-0.451357
1.440173,-5.992595
-3.620544,-1.220807
-5.849226,0.829366
0.445563,4.886386
0.322831,5.099970
4.393702,7.366637
10.109990,10.866203
10.896670,11.392714
8.113387,9.523902
6.593419,7.426175
-2.974058,1.943753
-4.689496,0.759997
-5.115969,1.087500
-3.814557,0.569962
-6.681403,-4.998054
-1.191678,-0.781076
-0.473306,-1.019337
-2.948444,-3.801812
-1.113725,-1.320134
1.262800,0.051038
6.661607,8.188215
-0.396448,9.317065
-0.718975,15.737325
-0.168656,4.819482
-0.722538,2.361534
-0.274133,-2.806159
-2.228912,-5.038386
-0.161761,-9.594354
0.898173,1.217984
-4.983716,-9.323931
-7.362913,5.972752
-5.682283,15.209839
-2.024749,22.498084
-3.785940,9.702587
-3.089411,-3.281451
-0.444396,-4.313038
1.429167,-6.643957
1.898746,-7.204800
2.160575,7.631348
4.798482,2.457382
1.685263,1.235285
-0.158763,2.225747
1.493387,0.543707
1.930906,0.494778
-7.111546,-6.856386
0.994239,0.157956
3.400365,-0.623311
7.104138,-1.328826
9.373103,-3.720993
5.029738,-7.503813
2.751249,-8.780209
-8.420007,-10.233091
-14.949925,-7.136090
1.783795,2.968817
5.443423,11.342813
-5.089684,13.048608
-1.211083,13.991796
-5.557890,11.235522
4.028316,11.415859
3.690177,10.111487
5.704546,10.506177
5.871555,0.229557
3.639479,7.367561
4.275551,6.380808
2.525561,3.299681
2.648014,4.908815
-5.732173,3.269803
-5.168337,5.027120
-2.186874,7.155528
-4.211918,5.347069
-4.533121,4.892793
-4.698575,1.987707
-0.960481,2.730607
1.118320,2.043852
3.521921,3.738003
-0.682052,3.208036
-8.260689,1.101306
-0.802339,2.020014
1.535660,1.819327
-2.695536,-0.706072
-10.109339,-5.542995
3.751481,-8.502647
-12.725552,-11.060217
-21.103384,-12.475226
-6.069626,-9.372670
-19.239649,-7.981356
-8.984047,6.477549
2.997258,14.590998
7.321913,13.421063
6.582944,11.877826
0.795158,9.579943
-7.971601,2.389398
-13.267717,-3.054494
-10.869575,-4.724572
-7.319716,-3.677768
-15.732994,-8.308079
-8.513364,-8.079972
1.703605,-7.454014
10.039841,-3.934812
5.312777,-1.663178
3.039029,-0.919274
-8.046485,14.796440
-4.653070,6.273009
2.684475,-5.305395
-0.544849,-14.527791
-18.279577,-13.394261
2.405969,-11.724326
10.025826,-8.858765
-7.869936,-15.406709
-2.987807,-10.225103
-7.672124,-11.545822
-15.173931,-11.750959
4.956587,19.571355
1.788888,10.513797
-0.023093,7.173010
6.088595,6.834744
3.782547,6.832872
-0.791929,3.668192
-0.852581,2.537290
-2.067506,-0.153859
-4.285467,-4.115800
-0.802069,5.541221
-0.904186,3.812465
-6.218466,-8.392531
-3.935581,-9.776275
-4.375403,-10.059196
-6.959238,-9.887629
-7.489477,-8.377393
-3.085840,-0.248588
-1.695882,5.141658
-3.037939,5.554076
-0.311842,7.672566
-0.907658,7.390175
-0.977869,7.528095
8.070450,16.404597
-5.258780,-1.235056
1.727673,1.256619
-1.614661,-2.631724
-1.880102,-2.227665
4.513731,1.850797
14.802544,3.997712
3.929899,-3.300579
6.633966,6.239103
2.758204,-4.770570
0.654917,-7.485317
-0.660532,-10.077455
-2.147046,-11.616786
-1.436146,-6.750566
1.570474,-2.987673
-0.148427,-3.714345
2.558597,-1.819504
1.440510,-1.301914
2.217135,1.449087
2.324400,2.305840
1.208005,0.128556
1.967656,1.592577
-0.522951,-0.248051
-1.277866,-0.925177
0.358736,-0.646464
-0.410169,0.703164
0.500166,2.896975
-12.946491,23.612016
0.440194,10.917231
9.177313,-1.263855
7.192372,-2.302084
5.816721,1.757283
2.162514,9.130378
0.283668,4.451820
1.473642,3.125324
4.985685,5.074226
5.292627,7.334951
3.822223,3.307158
2.408609,3.842458
1.572599,3.373827
-0.220998,3.668974
-2.082739,-2.018825
-2.362432,-5.186132
-1.667629,-1.253536
-1.525195,0.619272
-2.237503,-2.246641
3.117114,-3.943195
-19.178722,-12.364819
-13.817839,-7.102539
-6.185303,-1.891300
3.984308,4.078059
14.739571,6.804321
15.569070,7.542421
14.596196,9.811534
4.977129,3.213528
-5.979081,-9.273370
-5.819856,-9.242150
-4.958048,-10.432462
-1.891122,-6.027902
1.568766,-0.390318
7.388990,5.388524
5.413427,5.965415
-2.801549,-0.576258
-2.040346,1.158193
0.243837,2.015132
-3.403707,-1.062488
-3.033533,-0.233780
-6.773004,1.730573
-5.083382,-6.699420
-3.605228,-14.786072
-10.062554,-3.305716
-5.368633,-4.991074
-4.907060,-5.523081
-0.083961,2.500585
5.430688,17.161230
6.187649,22.402228
0.066758,11.497262
-4.886554,-4.070595
-4.602184,-3.577522
-2.651223,-0.994955
-1.189534,-2.153308
0.626987,-1.793804
5.679354,-1.373115
2.673248,3.033893
2.081289,-0.554040
0.040889,-1.561706
-2.758753,-2.569070
-11.664326,4.609491
-6.233714,8.948743
-6.124776,4.127643
-6.430866,-1.734037
-2.499056,-1.215093
-6.819145,-3.829024
-5.634815,-2.173998
-7.324972,1.119321
-6.519917,1.153081
6.606696,13.267996
12.766410,15.747380
2.990282,8.937517
1.763489,2.113144
0.019452,-3.680902
1.013046,0.852961
-4.464830,-2.310058
-6.847237,-2.811509
-6.593557,2.825471
-5.738709,10.591654
-5.256522,13.007457
-15.485408,0.271063
-0.727153,-1.511137
0.650978,-1.376119
-2.389564,-3.622017
-0.616626,-2.817614
-8.225466,-7.012572
0.130140,-5.741771
3.033214,-6.098845
-6.143614,-11.362913
-5.793055,-10.698130
-3.814137,-6.035990
-0.786679,0.269305
-2.061593,1.013613
-3.606851,-0.567825
-6.999239,-4.942326
-4.200184,-2.240186
2.489250,2.220676
2.078380,4.556597
2.128431,2.466753
2.186742,-1.091773
-4.965374,-6.444427
0.277934,-2.900208
4.154153,0.111936
4.266716,0.717355
3.654583,0.274227
1.021517,-3.103862
-3.054630,-6.852968
-5.761617,-10.504544
-0.133587,-4.377350
-2.366061,-3.712782
2.166706,0.867839
1.468120,0.366474
0.379409,2.175041
-1.918726,2.670863
-2.079955,2.346760
-2.483980,-0.411653
-3.970672,-1.797689
0.381876,0.600133
-0.152838,1.743169
-1.527581,1.400920
17.259067,-11.550541
-5.767968,-3.917513
-16.906549,-0.117764
-17.655901,1.763582
-7.224302,2.316331
0.195888,2.373995
3.662599,1.590167
6.462921,-0.055231
8.725342,-2.039858
4.080235,-0.895290
-0.819272,0.174650
-4.164218,1.024765
-3.073804,1.143813
-2.899970,1.627026
-1.029022,0.100292
3.670133,-4.681140
6.496799,-8.440853
5.292181,-5.744694
-0.823016,4.868037
-0.473197,4.444043
22.203187,3.659222
18.606733,3.888265
3.842332,-2.567780
-13.578163,-16.973763
-14.907892,-17.694951
3.641861,-10.594386
11.471991,-7.505811
12.912182,-4.641269
17.837074,0.044839
34.939707,6.986316
40.460846,9.815014
18.949433,2.748432
-5.782247,-7.857473
-14.999133,-13.479646
-7.587188,-11.074141
-7.278205,-9.279051
1.918786,-7.731340
11.347070,-6.691738
8.968561,-4.844351
-12.046310,-5.895666
-22.172375,4.709049
-22.946015,3.910715
-14.550659,0.965449
-9.837624,0.359358
3.681459,0.291744
-4.172129,0.496094
6.817415,3.055420
-6.242471,-3.544262
3.971312,1.283001
0.250212,-4.288923
-0.305181,-4.112060
-6.072223,-1.661130
-4.323270,-0.120541
-1.973357,-0.094858
-3.101573,-2.157310
2.106230,-1.637946
6.385713,-2.256609
12.152654,-4.255978
12.676704,-5.375002
16.527191,-5.069878
-10.757660,-30.685152
-17.326447,-4.613618
-17.586379,1.394913
-14.401049,6.007111
-12.195702,4.294366
-8.829843,-1.171757
-1.154579,-1.915460
4.968675,2.224506
5.664649,-1.996942
5.477898,-8.422226
6.415670,-5.062960
8.882701,0.669084
8.930792,-2.971319
11.365529,4.540661
10.956537,7.817766
4.247543,6.200340
5.453181,10.979835
-3.765901,4.304172
-5.523950,1.626946
1.545924,12.038319
3.820456,-1.187547
-2.590940,-1.705823
0.467307,2.854155
-6.078162,3.095116
8.659715,7.424549
-0.846525,2.802547
1.409493,3.942610
7.321089,8.032407
0.409877,5.025025
-11.416599,-4.263729
-6.080789,-0.700445
-3.907444,-2.728449
-6.002337,-4.768354
-5.689948,-3.985492
-0.230070,-1.169256
1.086398,0.814789
2.504495,3.796244
-0.911464,5.389526
-4.145719,5.730287
5.796828,8.382883
5.733534,-2.412546
1.293653,-8.171176
-5.684829,-10.099805
-6.239032,-5.785499
0.421601,-2.750229
4.362192,-1.162558
7.112862,0.158809
5.205281,1.205696
1.347897,2.209282
-3.271450,2.697748
-3.323938,3.000811
-0.790158,4.355919
-2.222613,2.751198
-1.122365,2.603120
-1.347515,2.487618
3.662593,2.181563
-0.212199,1.588737
-8.372372,1.196710
-1.935204,0.885340
0.212468,-1.025612
13.499809,1.688040
5.590648,-4.950244
15.789760,-3.355515
17.473563,-0.401679
13.929402,1.997429
0.901777,1.879227
-11.817836,-1.144813
-14.893695,-2.530129
-14.949889,-3.162449
-9.599868,-1.167463
-6.825734,1.013866
-5.664821,2.458425
0.533856,2.033997
9.143853,1.069719
12.697249,0.982811
9.310140,0.414707
11.394037,0.777535
8.423293,-1.516302
-2.679498,-9.468748
-5.330687,-12.677488
-9.622963,0.599596
-15.298742,-12.900131
-18.847184,-19.139249
-18.092837,-19.597388
-5.012163,-8.582867
12.285895,-2.466895
20.369770,1.485012
16.352612,2.923200
7.225704,0.376515
-0.175699,-3.048825
-10.795790,-6.532072
-16.755855,-6.463309
-14.535778,-3.294629
-9.905835,-1.735693
-5.977170,-2.227455
0.214905,-3.777384
3.891780,-5.740670
4.305640,-8.297889
2.325081,-10.615510
-4.717377,-12.695173
-1.851214,6.143344
1.256072,-1.801423
0.803531,-2.865790
2.131175,-5.975603
2.917727,-10.533102
1.413646,-10.935429
-4.731443,-6.439833
-9.847552,7.212889
-11.727424,-0.537538
-9.747021,0.893468
-10.978572,7.755658
-5.982716,-1.272295
-3.084480,-3.739949
-1.496326,-6.943419
-2.549148,-1.208729
-4.522485,3.415124
-7.004141,8.864071
-13.298015,1.457072
-16.805462,-1.337153
-17.761567,2.777094
38.385933,-8.252661
0.173427,-9.575239
-14.676837,-8.291309
-16.655414,-5.144905
-18.629199,-2.675003
-14.925892,1.404304
-8.673900,5.215552
7.390838,10.391512
12.200198,11.698878
2.348835,9.263071
-10.815543,4.992708
-12.934917,3.635933
-6.492693,9.536025
-5.677758,11.292520
-1.422250,9.817044
0.980548,6.494217
-0.369353,2.987683
2.294706,3.301139
1.558588,-5.126387
4.991792,-11.752162
-21.790895,-7.265063
7.639535,9.815881
33.538015,21.892778
40.068693,20.542908
18.245058,7.478703
-5.451813,-0.360888
-1.689752,-1.294484
-7.531365,-1.747098
-12.304892,-3.962795
-4.267016,-8.319089
-0.109040,-9.746361
3.977900,-9.148152
9.668845,-7.499455
4.625148,-6.265445
-6.324604,-4.154519
-7.101315,-1.633217
-3.238905,-0.972481
0.197717,0.049131
-2.298807,1.839158
-2.106120,2.581280
29.587598,15.574771
-7.928881,-0.040399
-12.867632,-9.800121
-15.886791,-14.812094
-18.960689,-16.486080
-7.483982,11.575357
-2.826860,1.190775
2.528919,5.242884
0.418237,4.417889
1.598148,1.707313
7.173032,0.907218
-1.385202,-1.752670
-9.078984,-1.731246
-8.682570,-1.651170
-8.672993,-4.322693
2.783128,10.720784
3.802381,12.044192
-4.923489,5.427281
-11.045190,1.923653
-12.400312,-0.014954
-5.682990,6.811589
-0.422536,5.750746
0.973950,2.258277
-0.225052,1.978905
14.905230,4.549984
-1.833368,1.602533
0.179135,-0.714570
-6.953931,-0.985224
-15.008792,1.881400
-9.292630,2.303150
-1.574531,0.964106
3.440708,0.975038
11.009140,0.973317
13.015199,1.143664
8.969134,2.263407
0.407464,3.726330
-3.803145,4.645906
-1.027316,3.583665
1.278698,3.331487
0.058764,4.184576
-26.550307,53.237562
6.901238,23.320599
28.144159,-3.469910
26.946676,-11.304226
9.735426,-5.708660
-9.424775,5.714113
-13.971810,15.439380
-13.944095,16.910300
-16.734386,9.839044
-15.989283,3.985197
-15.740609,-19.309001
-15.668950,-24.158216
-14.543509,-6.448282
-9.065949,5.192302
-3.293761,9.165679
0.957323,8.778251
1.207898,3.103611
2.085130,-0.429427
4.135903,-0.138727
3.720583,-3.533552
-2.144199,-8.024596
-4.470811,-9.453937
-4.005389,-5.699857
3.710045,2.170852
3.555946,2.353902
-4.534318,-0.522227
-19.067794,-4.498520
-25.589714,-5.953678
-18.387990,-8.381024
-7.529414,-10.538211
-1.196018,-9.982490
4.513932,-6.810463
7.749145,-2.653549
7.842439,-0.204927
2.328645,-1.052516
-9.059533,-3.082020
-12.036127,-1.830278
-7.673755,0.056398
-3.103905,2.082908
3.159840,3.219264
23.522077,-20.930699
5.206339,-6.173600
-4.142449,-0.444055
-3.503750,-0.097725
-3.520441,-0.548015
-6.629718,-0.730456
-4.628470,-1.920391
-1.511917,-2.820140
2.212113,-3.774249
3.276091,-3.752850
1.486500,-1.729436
-0.753610,1.418818
0.009210,2.051748
2.527815,0.184609
6.848627,-2.169243
6.190337,-1.217067
5.425524,0.983173
3.738437,-0.846021
1.245162,1.595558
0.699958,1.846803
-2.096172,-2.187112
-3.688543,2.002574
-3.703179,3.300678
-1.937007,5.212921
6.437897,9.656060
13.480668,12.294361
12.963159,11.422434
5.515563,5.976325
-1.603384,-0.158719
-6.647360,-5.198912
-7.897648,-6.291638
-7.202535,-3.976100
-6.275625,-0.210768
-2.425695,8.580814
3.452735,11.375787
2.148509,9.721757
2.647063,7.635455
1.421228,2.356356
1.914540,1.632610
1.462505,3.416193
28.789257,-8.808155
18.372802,-14.974298
10.447849,-17.678770
2.094966,-14.350862
-0.775451,-10.961162
-2.735178,-7.843469
-3.576189,-7.186579
-1.927946,-7.033968
2.091624,-4.280549
0.139415,2.107637
6.250226,6.942218
6.477101,1.895651
0.548584,13.382292
2.205313,17.939200
6.462082,16.192436
8.156608,13.816556
7.334707,12.400380
4.575911,6.849423
-1.716280,1.976509
-4.706075,9.891925
